20.000000 86.290
20.144928 86.294
20.290907 86.299
20.437943 86.307
20.586044 86.315
20.735220 86.325
20.885475 86.335
21.036821 86.344
21.189262 86.351
21.342808 86.356
21.497467 86.360
21.653246 86.363
21.810154 86.365
21.968201 86.368
22.127390 86.372
22.287735 86.377
22.449242 86.384
22.611917 86.392
22.775772 86.401
22.940815 86.408
23.107054 86.415
23.274498 86.418
23.443153 86.418
23.613033 86.415
23.784142 86.408
23.956491 86.401
24.130091 86.392
24.304947 86.385
24.481071 86.380
24.658470 86.379
24.837156 86.381
25.017136 86.386
25.198421 86.394
25.381020 86.402
25.564941 86.410
25.750195 86.416
25.936790 86.420
26.124741 86.421
26.314051 86.423
26.504732 86.425
26.696796 86.429
26.890253 86.435
27.085112 86.443
27.281382 86.452
27.479073 86.460
27.678198 86.466
27.878765 86.466
28.080786 86.461
28.284271 86.449
28.489231 86.433
28.695675 86.416
28.903616 86.399
29.113064 86.387
29.324028 86.382
29.536524 86.384
29.750557 86.394
29.966141 86.408
30.183289 86.425
30.402010 86.441
30.622314 86.454
30.844217 86.461
31.067726 86.463
31.292856 86.460
31.519617 86.452
31.748020 86.443
31.978081 86.431
32.209808 86.421
32.443211 86.411
32.678310 86.404
32.915108 86.400
33.153625 86.399
33.393871 86.400
33.635857 86.403
33.879597 86.406
34.125103 86.408
34.372387 86.408
34.621464 86.404
34.872345 86.397
35.125042 86.388
35.379574 86.378
35.635948 86.369
35.894180 86.363
36.154285 86.360
36.416275 86.359
36.680161 86.359
36.945961 86.359
37.213688 86.356
37.483353 86.350
37.754974 86.341
38.028561 86.330
38.304131 86.318
38.581699 86.307
38.861279 86.299
39.142883 86.296
39.426529 86.299
39.712231 86.311
40.000000 86.330
40.289856 86.351
40.581814 86.372
40.875885 86.386
41.172089 86.393
41.470440 86.391
41.770950 86.384
42.073643 86.376
42.378525 86.371
42.685616 86.370
42.994934 86.370
43.306492 86.368
43.620308 86.360
43.936401 86.344
44.254780 86.321
44.575470 86.296
44.898483 86.272
45.223835 86.251
45.551544 86.236
45.881630 86.225
46.214108 86.220
46.548996 86.222
46.886307 86.231
47.226067 86.243
47.568283 86.251
47.912983 86.249
48.260181 86.231
48.609894 86.200
48.962143 86.167
49.316940 86.148
49.674313 86.154
50.034271 86.181
50.396843 86.218
50.762039 86.245
51.129883 86.251
51.500389 86.238
51.873581 86.218
52.249481 86.205
52.628101 86.205
53.009464 86.211
53.393593 86.207
53.780506 86.186
54.170223 86.152
54.562763 86.121
54.958145 86.112
55.356396 86.124
55.757530 86.140
56.161572 86.136
56.568542 86.105
56.978462 86.062
57.391350 86.035
57.807232 86.041
58.226128 86.071
58.648056 86.093
59.073048 86.084
59.501114 86.046
59.932281 86.007
60.366577 85.992
60.804020 86.003
61.244629 86.019
61.688435 86.023
62.135452 86.016
62.585712 86.009
63.039234 86.011
63.496040 86.016
63.956161 86.020
64.419617 86.021
64.886421 86.015
65.356621 85.990
65.830215 85.939
66.307251 85.886
66.787743 85.870
67.271713 85.901
67.759193 85.938
68.250206 85.933
68.744774 85.884
69.242928 85.839
69.744690 85.839
70.250084 85.871
70.759148 85.889
71.271896 85.878
71.788361 85.851
72.308571 85.826
72.832550 85.806
73.360321 85.787
73.891922 85.772
74.427376 85.762
74.966705 85.757
75.509949 85.764
76.057121 85.780
76.608261 85.785
77.163399 85.755
77.722557 85.706
78.285767 85.682
78.853058 85.697
79.424461 85.715
80.000000 85.705
80.579712 85.681
81.163628 85.667
81.751770 85.654
82.344177 85.634
82.940880 85.622
83.541901 85.622
84.147285 85.606
84.757050 85.564
85.371231 85.532
85.989868 85.539
86.612984 85.558
87.240616 85.552
87.872803 85.523
88.509560 85.493
89.150940 85.479
89.796967 85.476
90.447670 85.461
91.103088 85.422
91.763260 85.386
92.428215 85.380
93.097992 85.377
93.772614 85.353
94.452133 85.323
95.136566 85.299
95.825966 85.284
96.520363 85.292
97.219788 85.300
97.924286 85.267
98.633881 85.227
99.348625 85.233
100.068542 85.246
100.793686 85.223
101.524078 85.196
102.259766 85.183
103.000778 85.162
103.747162 85.148
104.498962 85.151
105.256203 85.150
106.018929 85.153
106.787186 85.150
107.561012 85.107
108.340446 85.062
109.125526 85.056
109.916290 85.050
110.712791 85.049
111.515060 85.042
112.323143 84.985
113.137085 84.948
113.956924 84.926
114.782700 84.890
115.614464 84.907
116.452255 84.821
117.296112 84.642
118.146095 84.708
119.002228 84.847
119.864563 84.820
120.733154 84.786
121.608040 84.783
122.489258 84.777
123.376869 84.756
124.270905 84.728
125.171425 84.709
126.078468 84.677
126.992081 84.672
127.912323 84.643
128.839233 84.592
129.772842 84.589
130.713242 84.566
131.660431 84.531
132.614502 84.537
133.575485 84.513
134.543427 84.464
135.518387 84.452
136.500412 84.443
137.489548 84.407
138.485855 84.380
139.489380 84.337
140.500168 84.313
141.518295 84.349
142.543793 84.196
143.576721 84.261
144.617142 84.373
145.665100 84.242
146.720642 84.266
147.783844 84.281
148.854752 84.209
149.933411 84.188
151.019897 84.175
152.114243 84.150
153.216522 84.139
154.326797 84.116
155.445114 84.121
156.571533 84.082
157.706116 84.070
158.848923 84.070
160.000000 84.049
161.159424 84.025
162.327255 83.994
163.503540 83.963
164.688354 83.971
165.881760 83.939
167.083801 83.911
168.294571 83.907
169.514099 83.907
170.742462 83.881
171.979736 83.867
173.225967 83.858
174.481232 83.845
175.745605 83.822
177.019119 83.802
178.301880 83.749
179.593933 83.701
180.895340 83.677
182.206177 83.667
183.526520 83.565
184.856430 83.570
186.195984 83.489
187.545227 83.455
188.904266 83.403
190.273132 83.366
191.651932 83.308
193.040726 83.266
194.439575 83.247
195.848572 83.206
197.267761 83.178
198.697250 83.145
200.137085 83.113
201.587372 83.097
203.048157 83.094
204.519531 83.075
206.001556 83.083
207.494324 83.070
208.997925 83.065
210.512405 83.015
212.037857 82.984
213.574371 83.015
215.122025 82.964
216.680893 82.955
218.251053 82.925
219.832581 82.878
221.425583 82.892
223.030121 82.848
224.646286 82.804
226.274170 82.807
227.913849 82.758
229.565399 82.749
231.228928 82.729
232.904510 82.681
234.592224 82.676
236.292191 82.647
238.004456 82.630
239.729126 82.634
241.466309 82.592
243.216080 82.563
244.978516 82.509
246.753738 82.464
248.541809 82.457
250.342850 82.422
252.156937 82.420
253.984161 82.364
255.824646 82.368
257.678467 82.322
259.545685 82.299
261.426483 82.290
263.320862 82.254
265.229004 82.248
267.150970 82.217
269.086853 82.167
271.036774 82.162
273.000824 82.155
274.979095 82.099
276.971710 82.105
278.978760 82.061
281.000336 82.035
283.036591 82.047
285.087585 81.998
287.153442 81.958
289.234283 81.976
291.330200 81.940
293.441284 81.912
295.567688 81.893
297.709503 81.851
299.866821 81.843
302.039795 81.825
304.228485 81.789
306.433044 81.787
308.653595 81.758
310.890228 81.705
313.143066 81.701
315.412231 81.680
317.697845 81.638
320.000000 81.621
322.318848 81.606
324.654510 81.604
327.007080 81.561
329.376709 81.544
331.763519 81.519
334.167603 81.501
336.589142 81.433
339.028198 81.428
341.484924 81.414
343.959473 81.389
346.451935 81.397
348.962463 81.385
351.491211 81.379
354.038239 81.330
356.603760 81.337
359.187866 81.289
361.790680 81.254
364.412354 81.262
367.053040 81.254
369.712860 81.222
372.391968 81.208
375.090454 81.166
377.808533 81.156
380.546265 81.131
383.303864 81.132
386.081451 81.072
388.879150 81.075
391.697144 81.071
394.535522 81.056
397.394501 81.025
400.274170 80.991
403.174744 80.965
406.096313 80.952
409.039062 80.896
412.003113 80.926
414.988647 80.903
417.995850 80.924
421.024811 80.879
424.075714 80.852
427.148743 80.877
430.244049 80.837
433.361786 80.800
436.502106 80.816
439.665161 80.786
442.851166 80.727
446.060242 80.747
449.292572 80.718
452.548340 80.734
455.827698 80.721
459.130798 80.697
462.457855 80.712
465.809021 80.697
469.184448 80.662
472.584381 80.664
476.008911 80.633
479.458252 80.634
482.932617 80.619
486.432159 80.586
489.957031 80.582
493.507477 80.580
497.083618 80.554
500.685699 80.538
504.313873 80.552
507.968323 80.517
511.649292 80.513
515.356934 80.499
519.091370 80.492
522.852966 80.500
526.641724 80.449
530.458008 80.458
534.301941 80.407
538.173706 80.447
542.073547 80.366
546.001648 80.396
549.958191 80.365
553.943420 80.347
557.957520 80.361
562.000671 80.313
566.073181 80.301
570.175171 80.330
574.306885 80.272
578.468567 80.243
582.660400 80.293
586.882568 80.271
591.135376 80.252
595.419006 80.216
599.733643 80.212
604.079590 80.183
608.456970 80.140
612.866089 80.179
617.307190 80.213
621.780457 80.184
626.286133 80.170
630.824463 80.173
635.395691 80.129
640.000000 80.133
644.637695 80.137
649.309021 80.122
654.014160 80.104
658.753418 80.133
663.527039 80.115
668.335205 80.110
673.178284 80.093
678.056396 80.074
682.969849 80.079
687.918945 80.058
692.903870 80.059
697.924927 80.042
702.982422 80.054
708.076477 80.083
713.207520 80.064
718.375732 80.045
723.581360 80.081
728.824707 80.035
734.106079 80.079
739.425720 80.010
744.783936 80.022
750.180908 80.060
755.617065 80.051
761.092529 80.100
766.607727 80.061
772.162903 80.094
777.758301 80.057
783.394287 80.089
789.071045 80.050
794.789001 80.082
800.548340 80.104
806.349487 80.087
812.192627 80.114
818.078125 80.156
824.006226 80.069
829.977295 80.169
835.991699 80.126
842.049622 80.159
848.151428 80.152
854.297485 80.161
860.488098 80.237
866.723572 80.278
873.004211 80.287
879.330322 80.291
885.702332 80.325
892.120483 80.273
898.585144 80.297
905.096680 80.329
911.655396 80.356
918.261597 80.417
924.915710 80.451
931.618042 80.452
938.368896 80.510
945.168762 80.577
952.017822 80.673
958.916504 80.680
965.865234 80.685
972.864319 80.732
979.914062 80.756
987.014954 80.795
994.167236 80.850
1001.371399 80.893
1008.627747 80.924
1015.936646 80.943
1023.298584 81.021
1030.713867 81.050
1038.182739 81.070
1045.705933 81.154
1053.283447 81.203
1060.916016 81.269
1068.603882 81.317
1076.347412 81.381
1084.147095 81.471
1092.003296 81.538
1099.916382 81.628
1107.886841 81.688
1115.915039 81.776
1124.001343 81.877
1132.146362 81.989
1140.350342 82.056
1148.613770 82.169
1156.937134 82.222
1165.320801 82.274
1173.765137 82.379
1182.270752 82.443
1190.838013 82.508
1199.467285 82.600
1208.159180 82.675
1216.913940 82.717
1225.732178 82.800
1234.614380 82.902
1243.560913 82.949
1252.572266 83.026
1261.648926 83.101
1270.791382 83.147
1280.000000 83.190
1289.275391 83.264
1298.618042 83.309
1308.028320 83.391
1317.506836 83.484
1327.054077 83.497
1336.670410 83.611
1346.356567 83.647
1356.112793 83.702
1365.939697 83.762
1375.837891 83.790
1385.807739 83.870
1395.849854 83.918
1405.964844 83.964
1416.152954 84.013
1426.415039 84.053
1436.751465 84.114
1447.162720 84.148
1457.649414 84.203
1468.212158 84.217
1478.851440 84.231
1489.567871 84.292
1500.361816 84.355
1511.234131 84.407
1522.185059 84.448
1533.215454 84.490
1544.325806 84.543
1555.516602 84.552
1566.788574 84.578
1578.142090 84.638
1589.578003 84.675
1601.096680 84.691
1612.698975 84.735
1624.385254 84.798
1636.156250 84.818
1648.012451 84.875
1659.954590 84.935
1671.983398 84.956
1684.099243 85.012
1696.302856 85.044
1708.594971 85.059
1720.976196 85.130
1733.447144 85.155
1746.008423 85.192
1758.660645 85.230
1771.404663 85.278
1784.240967 85.323
1797.170288 85.383
1810.193359 85.420
1823.310791 85.466
1836.523193 85.536
1849.831421 85.574
1863.236084 85.587
1876.737793 85.654
1890.337524 85.696
1904.035645 85.740
1917.833008 85.791
1931.730469 85.850
1945.728638 85.885
1959.828125 85.943
1974.029907 85.980
1988.334473 86.053
2002.742798 86.084
2017.255493 86.135
2031.873291 86.213
2046.597168 86.258
2061.427734 86.318
2076.365479 86.348
2091.411865 86.428
2106.566895 86.474
2121.832031 86.522
2137.207764 86.550
2152.694824 86.648
2168.294189 86.714
2184.006592 86.748
2199.832764 86.810
2215.773682 86.871
2231.830078 86.902
2248.002686 87.013
2264.292725 87.050
2280.700684 87.132
2297.227539 87.208
2313.874268 87.299
2330.641602 87.415
2347.530273 87.521
2364.541504 87.632
2381.676025 87.748
2398.934570 87.834
2416.318359 87.912
2433.827881 88.007
2451.464355 88.085
2469.228760 88.148
2487.121826 88.208
2505.144531 88.284
2523.297852 88.324
2541.582764 88.377
2560.000000 88.454
2578.550781 88.510
2597.236084 88.531
2616.056641 88.577
2635.013672 88.630
2654.108154 88.682
2673.340820 88.723
2692.713135 88.793
2712.225586 88.808
2731.879395 88.854
2751.675781 88.857
2771.615479 88.921
2791.699707 88.935
2811.929688 88.934
2832.305908 88.943
2852.830078 88.978
2873.502930 88.995
2894.325439 89.023
2915.298828 89.034
2936.424316 89.033
2957.702881 89.034
2979.135742 89.030
3000.723633 89.039
3022.468262 89.023
3044.370117 88.987
3066.430908 88.972
3088.651611 88.947
3111.033203 88.893
3133.577148 88.906
3156.284180 88.865
3179.156006 88.811
3202.193359 88.778
3225.397949 88.730
3248.770508 88.675
3272.312500 88.628
3296.024902 88.568
3319.909180 88.510
3343.966797 88.419
3368.198486 88.366
3392.605713 88.254
3417.189941 88.169
3441.952393 88.047
3466.894287 87.972
3492.016846 87.880
3517.321289 87.824
3542.809326 87.697
3568.481934 87.617
3594.340576 87.558
3620.386719 87.432
3646.621582 87.367
3673.046387 87.222
3699.662842 87.131
3726.472168 87.019
3753.475586 86.888
3780.675049 86.759
3808.071289 86.681
3835.666016 86.561
3863.460938 86.422
3891.457275 86.347
3919.656250 86.255
3948.059814 86.163
3976.668945 86.075
4005.485596 85.967
4034.510986 85.902
4063.746582 85.850
4093.194336 85.793
4122.855469 85.724
4152.730957 85.658
4182.823730 85.643
4213.133789 85.580
4243.664062 85.563
4274.415527 85.531
4305.389648 85.484
4336.588379 85.475
4368.013184 85.444
4399.665527 85.401
4431.547363 85.323
4463.660156 85.322
4496.005371 85.246
4528.585449 85.220
4561.401367 85.192
4594.455078 85.175
4627.748535 85.126
4661.283203 85.106
4695.060547 85.068
4729.083008 85.029
4763.352051 85.006
4797.869141 85.056
4832.636719 85.047
4867.655762 85.019
4902.928711 85.039
4938.457520 85.051
4974.243652 85.038
5010.289062 85.039
5046.595703 85.094
5083.165527 85.133
5120.000000 85.150
5157.101562 85.233
5194.472168 85.277
5232.113281 85.309
5270.027344 85.350
5308.216309 85.415
5346.681641 85.494
5385.426270 85.645
5424.451172 85.748
5463.758789 85.868
5503.351562 86.018
5543.230957 86.196
5583.399414 86.455
5623.859375 86.577
5664.611816 86.756
5705.660156 87.007
5747.005859 87.149
5788.650879 87.382
5830.597656 87.549
5872.848633 87.604
5915.405762 87.643
5958.271484 87.587
6001.447266 87.511
6044.936523 87.284
6088.740234 86.988
6132.861816 86.708
6177.303223 86.352
6222.066406 85.998
6267.154297 85.597
6312.568359 85.322
6358.312012 84.938
6404.386719 84.600
6450.795898 84.368
6497.541016 84.111
6544.625000 83.853
6592.049805 83.645
6639.818359 83.475
6687.933594 83.324
6736.396973 83.173
6785.211426 83.068
6834.379883 82.943
6883.904785 82.881
6933.788574 82.849
6984.033691 82.806
7034.642578 82.785
7085.618652 82.794
7136.963867 82.725
7188.681152 82.822
7240.773438 82.814
7293.243164 82.861
7346.092773 82.992
7399.325684 83.136
7452.944336 83.247
7506.951172 83.443
7561.350098 83.660
7616.142578 83.869
7671.332031 84.142
7726.921875 84.453
7782.914551 84.827
7839.312500 85.286
7896.119629 85.707
7953.337891 86.125
8010.971191 86.602
8069.021973 86.958
8127.493164 87.373
8186.388672 87.757
8245.710938 88.173
8305.461914 88.591
8365.647461 88.986
8426.267578 89.363
8487.328125 89.777
8548.831055 90.074
8610.779297 90.399
8673.176758 90.653
8736.026367 90.760
8799.331055 90.800
8863.094727 90.740
8927.320312 90.613
8992.010742 90.358
9057.170898 90.002
9122.802734 89.591
9188.910156 89.115
9255.497070 88.633
9322.566406 88.084
9390.121094 87.603
9458.166016 87.137
9526.704102 86.714
9595.738281 86.199
9665.273438 85.750
9735.311523 85.314
9805.857422 84.912
9876.915039 84.535
9948.487305 84.171
10020.578125 83.844
10093.191406 83.438
10166.331055 83.014
10240.000000 82.844
10314.203125 82.376
10388.944336 82.051
10464.226562 81.695
10540.054688 81.280
10616.432617 81.045
10693.363281 80.659
10770.852539 80.385
10848.902344 80.006
10927.517578 79.706
11006.703125 79.420
11086.461914 78.958
11166.798828 78.842
11247.718750 78.711
11329.223633 78.376
11411.320312 78.053
11494.011719 77.947
11577.301758 77.618
11661.195312 77.553
11745.697266 77.260
11830.811523 77.145
11916.542969 76.924
12002.894531 76.787
12089.873047 76.788
12177.480469 76.554
12265.723633 76.565
12354.606445 76.331
12444.132812 76.286
12534.308594 76.047
12625.136719 75.967
12716.624023 75.917
12808.773438 75.765
12901.591797 75.467
12995.082031 75.491
13089.250000 75.308
13184.099609 75.296
13279.636719 75.056
13375.867188 74.554
13472.793945 74.202
13570.422852 74.243
13668.759766 73.868
13767.809570 73.823
13867.577148 73.519
13968.067383 73.367
14069.285156 73.451
14171.237305 73.318
14273.927734 73.533
14377.362305 73.228
14481.546875 73.537
14586.486328 73.218
14692.185547 73.133
14798.651367 72.936
14905.888672 73.119
15013.902344 73.088
15122.700195 72.663
15232.285156 72.973
15342.664062 72.772
15453.843750 72.978
15565.829102 73.099
15678.625000 73.151
15792.239258 73.545
15906.675781 73.576
16021.942383 73.842
16138.043945 73.971
16254.986328 73.876
16372.777344 74.086
16491.421875 74.111
16610.923828 73.918
16731.294922 74.069
16852.535156 73.948
16974.656250 73.694
17097.662109 73.908
17221.558594 73.952
17346.353516 74.263
17472.052734 74.212
17598.662109 74.380
17726.189453 74.598
17854.640625 74.636
17984.021484 75.055
18114.341797 75.406
18245.605469 75.986
18377.820312 76.279
18510.994141 76.927
18645.132812 77.046
18780.242188 77.676
18916.332031 78.013
19053.408203 78.497
19191.476562 79.176
19330.546875 79.642
19470.623047 79.934
19611.714844 80.218
19753.830078 80.253
19896.974609 80.097
