20.000000 87.071
20.144928 87.121
20.290907 87.170
20.437943 87.216
20.586044 87.254
20.735220 87.283
20.885475 87.298
21.036821 87.298
21.189262 87.283
21.342808 87.253
21.497467 87.211
21.653246 87.160
21.810154 87.104
21.968201 87.049
22.127390 86.997
22.287735 86.953
22.449242 86.919
22.611917 86.897
22.775772 86.886
22.940815 86.884
23.107054 86.890
23.274498 86.899
23.443153 86.909
23.613033 86.917
23.784142 86.922
23.956491 86.923
24.130091 86.921
24.304947 86.917
24.481071 86.911
24.658470 86.906
24.837156 86.902
25.017136 86.902
25.198421 86.903
25.381020 86.907
25.564941 86.912
25.750195 86.918
25.936790 86.922
26.124741 86.925
26.314051 86.927
26.504732 86.928
26.696796 86.928
26.890253 86.927
27.085112 86.925
27.281382 86.923
27.479073 86.921
27.678198 86.917
27.878765 86.912
28.080786 86.905
28.284271 86.899
28.489231 86.894
28.695675 86.891
28.903616 86.892
29.113064 86.898
29.324028 86.908
29.536524 86.923
29.750557 86.940
29.966141 86.956
30.183289 86.968
30.402010 86.976
30.622314 86.978
30.844217 86.974
31.067726 86.965
31.292856 86.955
31.519617 86.946
31.748020 86.940
31.978081 86.938
32.209808 86.938
32.443211 86.940
32.678310 86.940
32.915108 86.936
33.153625 86.926
33.393871 86.910
33.635857 86.891
33.879597 86.871
34.125103 86.853
34.372387 86.841
34.621464 86.836
34.872345 86.838
35.125042 86.846
35.379574 86.855
35.635948 86.863
35.894180 86.869
36.154285 86.871
36.416275 86.870
36.680161 86.869
36.945961 86.869
37.213688 86.869
37.483353 86.868
37.754974 86.863
38.028561 86.853
38.304131 86.837
38.581699 86.817
38.861279 86.799
39.142883 86.786
39.426529 86.785
39.712231 86.794
40.000000 86.812
40.289856 86.831
40.581814 86.845
40.875885 86.848
41.172089 86.840
41.470440 86.822
41.770950 86.801
42.073643 86.783
42.378525 86.772
42.685616 86.768
42.994934 86.770
43.306492 86.772
43.620308 86.774
43.936401 86.774
44.254780 86.775
44.575470 86.778
44.898483 86.782
45.223835 86.784
45.551544 86.781
45.881630 86.770
46.214108 86.752
46.548996 86.728
46.886307 86.706
47.226067 86.690
47.568283 86.682
47.912983 86.682
48.260181 86.686
48.609894 86.688
48.962143 86.687
49.316940 86.682
49.674313 86.673
50.034271 86.662
50.396843 86.649
50.762039 86.636
51.129883 86.621
51.500389 86.605
51.873581 86.592
52.249481 86.585
52.628101 86.587
53.009464 86.597
53.393593 86.608
53.780506 86.611
54.170223 86.600
54.562763 86.576
54.958145 86.550
55.356396 86.533
55.757530 86.529
56.161572 86.533
56.568542 86.535
56.978462 86.525
57.391350 86.504
57.807232 86.479
58.226128 86.459
58.648056 86.447
59.073048 86.440
59.501114 86.434
59.932281 86.425
60.366577 86.411
60.804020 86.393
61.244629 86.372
61.688435 86.350
62.135452 86.333
62.585712 86.322
63.039234 86.317
63.496040 86.313
63.956161 86.307
64.419617 86.300
64.886421 86.295
65.356621 86.294
65.830215 86.294
66.307251 86.292
66.787743 86.285
67.271713 86.274
67.759193 86.261
68.250206 86.252
68.744774 86.246
69.242928 86.238
69.744690 86.224
70.250084 86.204
70.759148 86.182
71.271896 86.161
71.788361 86.138
72.308571 86.116
72.832550 86.102
73.360321 86.101
73.891922 86.105
74.427376 86.100
74.966705 86.081
75.509949 86.056
76.057121 86.039
76.608261 86.033
77.163399 86.031
77.722557 86.020
78.285767 86.001
78.853058 85.980
79.424461 85.962
80.000000 85.946
80.579712 85.927
81.163628 85.903
81.751770 85.874
82.344177 85.844
82.940880 85.819
83.541901 85.803
84.147285 85.794
84.757050 85.789
85.371231 85.787
85.989868 85.787
86.612984 85.784
87.240616 85.774
87.872803 85.760
88.509560 85.748
89.150940 85.730
89.796967 85.699
90.447670 85.663
91.103088 85.639
91.763260 85.628
92.428215 85.617
93.097992 85.600
93.772614 85.580
94.452133 85.567
95.136566 85.564
95.825966 85.564
96.520363 85.553
97.219788 85.530
97.924286 85.506
98.633881 85.489
99.348625 85.471
100.068542 85.449
100.793686 85.430
101.524078 85.414
102.259766 85.398
103.000778 85.383
103.747162 85.367
104.498962 85.347
105.256203 85.324
106.018929 85.304
106.787186 85.286
107.561012 85.269
108.340446 85.254
109.125526 85.239
109.916290 85.225
110.712791 85.214
111.515060 85.200
112.323143 85.182
113.137085 85.166
113.956924 85.153
114.782700 85.136
115.614464 85.114
116.452255 85.085
117.296112 85.052
118.146095 85.026
119.002228 85.009
119.864563 84.990
120.733154 84.970
121.608040 84.955
122.489258 84.941
123.376869 84.922
124.270905 84.896
125.171425 84.871
126.078468 84.852
126.992081 84.831
127.912323 84.804
128.839233 84.773
129.772842 84.741
130.713242 84.710
131.660431 84.685
132.614502 84.663
133.575485 84.638
134.543427 84.615
135.518387 84.590
136.500412 84.560
137.489548 84.528
138.485855 84.496
139.489380 84.463
140.500168 84.430
141.518295 84.394
142.543793 84.359
143.576721 84.335
144.617142 84.322
145.665100 84.305
146.720642 84.277
147.783844 84.245
148.854752 84.216
149.933411 84.191
151.019897 84.168
152.114243 84.148
153.216522 84.131
154.326797 84.114
155.445114 84.098
156.571533 84.087
157.706116 84.078
158.848923 84.069
160.000000 84.061
161.159424 84.056
162.327255 84.054
163.503540 84.053
164.688354 84.051
165.881760 84.047
167.083801 84.042
168.294571 84.038
169.514099 84.035
170.742462 84.032
171.979736 84.030
173.225967 84.025
174.481232 84.015
175.745605 83.997
177.019119 83.971
178.301880 83.943
179.593933 83.913
180.895340 83.877
182.206177 83.831
183.526520 83.779
184.856430 83.726
186.195984 83.678
187.545227 83.631
188.904266 83.582
190.273132 83.535
191.651932 83.490
193.040726 83.447
194.439575 83.407
195.848572 83.374
197.267761 83.346
198.697250 83.322
200.137085 83.302
201.587372 83.286
203.048157 83.274
204.519531 83.258
206.001556 83.235
207.494324 83.213
208.997925 83.193
210.512405 83.173
212.037857 83.152
213.574371 83.128
215.122025 83.103
216.680893 83.077
218.251053 83.053
219.832581 83.030
221.425583 83.006
223.030121 82.983
224.646286 82.961
226.274170 82.938
227.913849 82.911
229.565399 82.881
231.228928 82.850
232.904510 82.820
234.592224 82.788
236.292191 82.756
238.004456 82.727
239.729126 82.700
241.466309 82.677
243.216080 82.654
244.978516 82.627
246.753738 82.595
248.541809 82.562
250.342850 82.534
252.156937 82.511
253.984161 82.491
255.824646 82.468
257.678467 82.441
259.545685 82.414
261.426483 82.388
263.320862 82.359
265.229004 82.326
267.150970 82.293
269.086853 82.267
271.036774 82.246
273.000824 82.223
274.979095 82.199
276.971710 82.173
278.978760 82.145
281.000336 82.117
283.036591 82.090
285.087585 82.060
287.153442 82.030
289.234283 82.000
291.330200 81.973
293.441284 81.947
295.567688 81.922
297.709503 81.901
299.866821 81.881
302.039795 81.859
304.228485 81.831
306.433044 81.800
308.653595 81.772
310.890228 81.752
313.143066 81.733
315.412231 81.709
317.697845 81.678
320.000000 81.647
322.318848 81.619
324.654510 81.595
327.007080 81.571
329.376709 81.544
331.763519 81.521
334.167603 81.500
336.589142 81.477
339.028198 81.449
341.484924 81.421
343.959473 81.397
346.451935 81.377
348.962463 81.357
351.491211 81.335
354.038239 81.313
356.603760 81.291
359.187866 81.267
361.790680 81.247
364.412354 81.232
367.053040 81.218
369.712860 81.199
372.391968 81.176
375.090454 81.155
377.808533 81.137
380.546265 81.116
383.303864 81.096
386.081451 81.077
388.879150 81.057
391.697144 81.036
394.535522 81.017
397.394501 80.998
400.274170 80.975
403.174744 80.953
406.096313 80.935
409.039062 80.919
412.003113 80.900
414.988647 80.881
417.995850 80.860
421.024811 80.838
424.075714 80.816
427.148743 80.796
430.244049 80.776
433.361786 80.755
436.502106 80.736
439.665161 80.717
442.851166 80.697
446.060242 80.681
449.292572 80.668
452.548340 80.651
455.827698 80.631
459.130798 80.612
462.457855 80.592
465.809021 80.574
469.184448 80.561
472.584381 80.553
476.008911 80.540
479.458252 80.524
482.932617 80.509
486.432159 80.495
489.957031 80.479
493.507477 80.459
497.083618 80.436
500.685699 80.413
504.313873 80.394
507.968323 80.379
511.649292 80.365
515.356934 80.350
519.091370 80.333
522.852966 80.316
526.641724 80.294
530.458008 80.268
534.301941 80.246
538.173706 80.226
542.073547 80.203
546.001648 80.181
549.958191 80.163
553.943420 80.149
557.957520 80.133
562.000671 80.115
566.073181 80.100
570.175171 80.088
574.306885 80.076
578.468567 80.061
582.660400 80.047
586.882568 80.030
591.135376 80.012
595.419006 79.997
599.733643 79.986
604.079590 79.974
608.456970 79.960
612.866089 79.945
617.307190 79.930
621.780457 79.915
626.286133 79.901
630.824463 79.892
635.395691 79.883
640.000000 79.870
644.637695 79.853
649.309021 79.836
654.014160 79.822
658.753418 79.814
663.527039 79.810
668.335205 79.803
673.178284 79.790
678.056396 79.776
682.969849 79.765
687.918945 79.758
692.903870 79.751
697.924927 79.739
702.982422 79.723
708.076477 79.712
713.207520 79.707
718.375732 79.705
723.581360 79.703
728.824707 79.702
734.106079 79.699
739.425720 79.690
744.783936 79.679
750.180908 79.672
755.617065 79.671
761.092529 79.670
766.607727 79.666
772.162903 79.661
777.758301 79.660
783.394287 79.659
789.071045 79.657
794.789001 79.655
800.548340 79.656
806.349487 79.659
812.192627 79.659
818.078125 79.659
824.006226 79.659
829.977295 79.659
835.991699 79.657
842.049622 79.656
848.151428 79.659
854.297485 79.669
860.488098 79.683
866.723572 79.696
873.004211 79.707
879.330322 79.711
885.702332 79.712
892.120483 79.715
898.585144 79.722
905.096680 79.735
911.655396 79.755
918.261597 79.781
924.915710 79.809
931.618042 79.836
938.368896 79.866
945.168762 79.898
952.017822 79.929
958.916504 79.961
965.865234 79.992
972.864319 80.023
979.914062 80.055
987.014954 80.090
994.167236 80.125
1001.371399 80.163
1008.627747 80.203
1015.936646 80.243
1023.298584 80.282
1030.713867 80.323
1038.182739 80.367
1045.705933 80.414
1053.283447 80.470
1060.916016 80.535
1068.603882 80.604
1076.347412 80.677
1084.147095 80.756
1092.003296 80.840
1099.916382 80.930
1107.886841 81.023
1115.915039 81.117
1124.001343 81.212
1132.146362 81.306
1140.350342 81.397
1148.613770 81.485
1156.937134 81.571
1165.320801 81.652
1173.765137 81.730
1182.270752 81.805
1190.838013 81.878
1199.467285 81.947
1208.159180 82.014
1216.913940 82.080
1225.732178 82.145
1234.614380 82.209
1243.560913 82.273
1252.572266 82.335
1261.648926 82.394
1270.791382 82.451
1280.000000 82.505
1289.275391 82.555
1298.618042 82.601
1308.028320 82.646
1317.506836 82.692
1327.054077 82.739
1336.670410 82.787
1346.356567 82.830
1356.112793 82.871
1365.939697 82.911
1375.837891 82.950
1385.807739 82.987
1395.849854 83.021
1405.964844 83.054
1416.152954 83.088
1426.415039 83.122
1436.751465 83.154
1447.162720 83.188
1457.649414 83.225
1468.212158 83.261
1478.851440 83.296
1489.567871 83.331
1500.361816 83.362
1511.234131 83.392
1522.185059 83.421
1533.215454 83.450
1544.325806 83.477
1555.516602 83.505
1566.788574 83.535
1578.142090 83.563
1589.578003 83.590
1601.096680 83.617
1612.698975 83.644
1624.385254 83.674
1636.156250 83.702
1648.012451 83.727
1659.954590 83.753
1671.983398 83.780
1684.099243 83.808
1696.302856 83.836
1708.594971 83.865
1720.976196 83.894
1733.447144 83.922
1746.008423 83.949
1758.660645 83.976
1771.404663 84.007
1784.240967 84.040
1797.170288 84.070
1810.193359 84.097
1823.310791 84.125
1836.523193 84.155
1849.831421 84.187
1863.236084 84.217
1876.737793 84.246
1890.337524 84.276
1904.035645 84.305
1917.833008 84.333
1931.730469 84.362
1945.728638 84.392
1959.828125 84.422
1974.029907 84.453
1988.334473 84.487
2002.742798 84.520
2017.255493 84.551
2031.873291 84.581
2046.597168 84.612
2061.427734 84.643
2076.365479 84.673
2091.411865 84.704
2106.566895 84.740
2121.832031 84.782
2137.207764 84.832
2152.694824 84.891
2168.294189 84.960
2184.006592 85.044
2199.832764 85.141
2215.773682 85.246
2231.830078 85.356
2248.002686 85.463
2264.292725 85.562
2280.700684 85.651
2297.227539 85.729
2313.874268 85.799
2330.641602 85.863
2347.530273 85.923
2364.541504 85.979
2381.676025 86.033
2398.934570 86.085
2416.318359 86.135
2433.827881 86.185
2451.464355 86.235
2469.228760 86.285
2487.121826 86.336
2505.144531 86.386
2523.297852 86.439
2541.582764 86.492
2560.000000 86.543
2578.550781 86.592
2597.236084 86.644
2616.056641 86.697
2635.013672 86.750
2654.108154 86.803
2673.340820 86.856
2692.713135 86.908
2712.225586 86.958
2731.879395 87.004
2751.675781 87.047
2771.615479 87.086
2791.699707 87.125
2811.929688 87.163
2832.305908 87.200
2852.830078 87.234
2873.502930 87.269
2894.325439 87.305
2915.298828 87.341
2936.424316 87.375
2957.702881 87.406
2979.135742 87.434
3000.723633 87.458
3022.468262 87.477
3044.370117 87.492
3066.430908 87.503
3088.651611 87.510
3111.033203 87.514
3133.577148 87.513
3156.284180 87.508
3179.156006 87.497
3202.193359 87.482
3225.397949 87.465
3248.770508 87.443
3272.312500 87.416
3296.024902 87.383
3319.909180 87.349
3343.966797 87.309
3368.198486 87.263
3392.605713 87.211
3417.189941 87.155
3441.952393 87.097
3466.894287 87.037
3492.016846 86.975
3517.321289 86.910
3542.809326 86.840
3568.481934 86.765
3594.340576 86.684
3620.386719 86.594
3646.621582 86.491
3673.046387 86.376
3699.662842 86.252
3726.472168 86.120
3753.475586 85.982
3780.675049 85.842
3808.071289 85.708
3835.666016 85.581
3863.460938 85.463
3891.457275 85.352
3919.656250 85.245
3948.059814 85.144
3976.668945 85.048
4005.485596 84.962
4034.510986 84.884
4063.746582 84.813
4093.194336 84.747
4122.855469 84.687
4152.730957 84.635
4182.823730 84.586
4213.133789 84.538
4243.664062 84.490
4274.415527 84.441
4305.389648 84.392
4336.588379 84.341
4368.013184 84.286
4399.665527 84.230
4431.547363 84.179
4463.660156 84.131
4496.005371 84.088
4528.585449 84.049
4561.401367 84.019
4594.455078 83.996
4627.748535 83.978
4661.283203 83.963
4695.060547 83.951
4729.083008 83.947
4763.352051 83.951
4797.869141 83.961
4832.636719 83.977
4867.655762 84.000
4902.928711 84.027
4938.457520 84.059
4974.243652 84.100
5010.289062 84.148
5046.595703 84.201
5083.165527 84.259
5120.000000 84.326
5157.101562 84.403
5194.472168 84.489
5232.113281 84.584
5270.027344 84.691
5308.216309 84.814
5346.681641 84.955
5385.426270 85.113
5424.451172 85.288
5463.758789 85.482
5503.351562 85.696
5543.230957 85.928
5583.399414 86.174
5623.859375 86.429
5664.611816 86.687
5705.660156 86.935
5747.005859 87.167
5788.650879 87.368
5830.597656 87.518
5872.848633 87.600
5915.405762 87.602
5958.271484 87.519
6001.447266 87.350
6044.936523 87.099
6088.740234 86.781
6132.861816 86.412
6177.303223 86.012
6222.066406 85.598
6267.154297 85.185
6312.568359 84.790
6358.312012 84.420
6404.386719 84.083
6450.795898 83.781
6497.541016 83.515
6544.625000 83.282
6592.049805 83.084
6639.818359 82.924
6687.933594 82.798
6736.396973 82.706
6785.211426 82.644
6834.379883 82.610
6883.904785 82.605
6933.788574 82.628
6984.033691 82.680
7034.642578 82.758
7085.618652 82.865
7136.963867 82.999
7188.681152 83.162
7240.773438 83.349
7293.243164 83.558
7346.092773 83.788
7399.325684 84.042
7452.944336 84.325
7506.951172 84.653
7561.350098 85.030
7616.142578 85.442
7671.332031 85.884
7726.921875 86.360
7782.914551 86.871
7839.312500 87.410
7896.119629 87.957
7953.337891 88.490
8010.971191 88.980
8069.021973 89.411
8127.493164 89.783
8186.388672 90.087
8245.710938 90.304
8305.461914 90.419
8365.647461 90.428
8426.267578 90.334
8487.328125 90.143
8548.831055 89.865
8610.779297 89.514
8673.176758 89.106
8736.026367 88.658
8799.331055 88.187
8863.094727 87.708
8927.320312 87.227
8992.010742 86.750
9057.170898 86.286
9122.802734 85.839
9188.910156 85.410
9255.497070 84.998
9322.566406 84.606
9390.121094 84.235
9458.166016 83.884
9526.704102 83.553
9595.738281 83.241
9665.273438 82.943
9735.311523 82.657
9805.857422 82.385
9876.915039 82.123
9948.487305 81.867
10020.578125 81.615
10093.191406 81.367
10166.331055 81.124
10240.000000 80.887
10314.203125 80.651
10388.944336 80.416
10464.226562 80.184
10540.054688 79.953
10616.432617 79.718
10693.363281 79.481
10770.852539 79.248
10848.902344 79.022
10927.517578 78.797
11006.703125 78.570
11086.461914 78.346
11166.798828 78.133
11247.718750 77.926
11329.223633 77.724
11411.320312 77.531
11494.011719 77.347
11577.301758 77.170
11661.195312 76.990
11745.697266 76.808
11830.811523 76.624
11916.542969 76.432
12002.894531 76.231
12089.873047 76.038
12177.480469 75.873
12265.723633 75.738
12354.606445 75.616
12444.132812 75.490
12534.308594 75.348
12625.136719 75.190
12716.624023 75.022
12808.773438 74.846
12901.591797 74.666
12995.082031 74.478
13089.250000 74.274
13184.099609 74.041
13279.636719 73.773
13375.867188 73.474
13472.793945 73.155
13570.422852 72.836
13668.759766 72.532
13767.809570 72.243
13867.577148 71.979
13968.067383 71.772
14069.285156 71.659
14171.237305 71.642
14273.927734 71.689
14377.362305 71.747
14481.546875 71.775
14586.486328 71.753
14692.185547 71.700
14798.651367 71.638
14905.888672 71.576
15013.902344 71.515
15122.700195 71.451
15232.285156 71.381
15342.664062 71.311
15453.843750 71.244
15565.829102 71.175
15678.625000 71.097
15792.239258 71.012
15906.675781 70.943
16021.942383 70.929
16138.043945 70.993
16254.986328 71.122
16372.777344 71.297
16491.421875 71.500
16610.923828 71.711
16731.294922 71.922
16852.535156 72.141
16974.656250 72.397
17097.662109 72.705
17221.558594 73.072
17346.353516 73.522
17472.052734 74.083
17598.662109 74.780
17726.189453 75.610
17854.640625 76.533
17984.021484 77.469
18114.341797 78.321
18245.605469 79.004
18377.820312 79.475
18510.994141 79.717
18645.132812 79.713
18780.242188 79.461
18916.332031 78.988
19053.408203 78.348
19191.476562 77.603
19330.546875 76.802
19470.623047 75.983
19611.714844 75.170
19753.830078 74.400
19896.974609 73.786
