20.000000 86.932
20.144928 86.940
20.290907 86.948
20.437943 86.955
20.586044 86.961
20.735220 86.966
20.885475 86.970
21.036821 86.973
21.189262 86.975
21.342808 86.976
21.497467 86.977
21.653246 86.979
21.810154 86.980
21.968201 86.983
22.127390 86.986
22.287735 86.990
22.449242 86.995
22.611917 86.999
22.775772 87.003
22.940815 87.007
23.107054 87.010
23.274498 87.013
23.443153 87.015
23.613033 87.019
23.784142 87.023
23.956491 87.029
24.130091 87.038
24.304947 87.048
24.481071 87.059
24.658470 87.072
24.837156 87.084
25.017136 87.095
25.198421 87.104
25.381020 87.110
25.564941 87.111
25.750195 87.109
25.936790 87.102
26.124741 87.093
26.314051 87.082
26.504732 87.070
26.696796 87.058
26.890253 87.047
27.085112 87.037
27.281382 87.028
27.479073 87.021
27.678198 87.016
27.878765 87.013
28.080786 87.012
28.284271 87.014
28.489231 87.018
28.695675 87.026
28.903616 87.035
29.113064 87.046
29.324028 87.055
29.536524 87.061
29.750557 87.063
29.966141 87.060
30.183289 87.054
30.402010 87.045
30.622314 87.036
30.844217 87.031
31.067726 87.030
31.292856 87.035
31.519617 87.046
31.748020 87.060
31.978081 87.075
32.209808 87.086
32.443211 87.092
32.678310 87.093
32.915108 87.088
33.153625 87.079
33.393871 87.070
33.635857 87.062
33.879597 87.057
34.125103 87.055
34.372387 87.054
34.621464 87.053
34.872345 87.048
35.125042 87.038
35.379574 87.023
35.635948 87.005
35.894180 86.986
36.154285 86.968
36.416275 86.955
36.680161 86.945
36.945961 86.940
37.213688 86.936
37.483353 86.930
37.754974 86.917
38.028561 86.897
38.304131 86.867
38.581699 86.831
38.861279 86.792
39.142883 86.758
39.426529 86.734
39.712231 86.725
40.000000 86.733
40.289856 86.757
40.581814 86.790
40.875885 86.826
41.172089 86.860
41.470440 86.885
41.770950 86.901
42.073643 86.909
42.378525 86.911
42.685616 86.912
42.994934 86.915
43.306492 86.923
43.620308 86.935
43.936401 86.947
44.254780 86.957
44.575470 86.960
44.898483 86.954
45.223835 86.939
45.551544 86.918
45.881630 86.896
46.214108 86.875
46.548996 86.859
46.886307 86.849
47.226067 86.846
47.568283 86.848
47.912983 86.855
48.260181 86.864
48.609894 86.871
48.962143 86.873
49.316940 86.869
49.674313 86.860
50.034271 86.848
50.396843 86.837
50.762039 86.828
51.129883 86.823
51.500389 86.821
51.873581 86.822
52.249481 86.824
52.628101 86.826
53.009464 86.827
53.393593 86.823
53.780506 86.816
54.170223 86.805
54.562763 86.793
54.958145 86.782
55.356396 86.770
55.757530 86.757
56.161572 86.742
56.568542 86.725
56.978462 86.710
57.391350 86.699
57.807232 86.692
58.226128 86.690
58.648056 86.690
59.073048 86.687
59.501114 86.681
59.932281 86.670
60.366577 86.660
60.804020 86.653
61.244629 86.648
61.688435 86.641
62.135452 86.631
62.585712 86.621
63.039234 86.617
63.496040 86.618
63.956161 86.617
64.419617 86.606
64.886421 86.587
65.356621 86.567
65.830215 86.556
66.307251 86.553
66.787743 86.551
67.271713 86.544
67.759193 86.531
68.250206 86.516
68.744774 86.503
69.242928 86.493
69.744690 86.484
70.250084 86.475
70.759148 86.463
71.271896 86.451
71.788361 86.442
72.308571 86.439
72.832550 86.438
73.360321 86.434
73.891922 86.423
74.427376 86.406
74.966705 86.391
75.509949 86.380
76.057121 86.374
76.608261 86.369
77.163399 86.364
77.722557 86.354
78.285767 86.335
78.853058 86.310
79.424461 86.288
80.000000 86.274
80.579712 86.262
81.163628 86.243
81.751770 86.222
82.344177 86.210
82.940880 86.209
83.541901 86.203
84.147285 86.185
84.757050 86.163
85.371231 86.149
85.989868 86.142
86.612984 86.134
87.240616 86.121
87.872803 86.106
88.509560 86.094
89.150940 86.086
89.796967 86.078
90.447670 86.065
91.103088 86.050
91.763260 86.036
92.428215 86.026
93.097992 86.014
93.772614 85.997
94.452133 85.977
95.136566 85.957
95.825966 85.937
96.520363 85.918
97.219788 85.901
97.924286 85.884
98.633881 85.863
99.348625 85.837
100.068542 85.812
100.793686 85.796
101.524078 85.786
102.259766 85.777
103.000778 85.764
103.747162 85.751
104.498962 85.737
105.256203 85.724
106.018929 85.713
106.787186 85.704
107.561012 85.693
108.340446 85.678
109.125526 85.658
109.916290 85.638
110.712791 85.621
111.515060 85.610
112.323143 85.601
113.137085 85.592
113.956924 85.579
114.782700 85.565
115.614464 85.549
116.452255 85.532
117.296112 85.513
118.146095 85.493
119.002228 85.471
119.864563 85.448
120.733154 85.425
121.608040 85.405
122.489258 85.385
123.376869 85.362
124.270905 85.342
125.171425 85.325
126.078468 85.304
126.992081 85.276
127.912323 85.254
128.839233 85.239
129.772842 85.225
130.713242 85.210
131.660431 85.191
132.614502 85.170
133.575485 85.146
134.543427 85.123
135.518387 85.098
136.500412 85.073
137.489548 85.053
138.485855 85.035
139.489380 85.015
140.500168 84.998
141.518295 84.983
142.543793 84.962
143.576721 84.934
144.617142 84.906
145.665100 84.882
146.720642 84.857
147.783844 84.831
148.854752 84.805
149.933411 84.779
151.019897 84.755
152.114243 84.733
153.216522 84.711
154.326797 84.688
155.445114 84.665
156.571533 84.642
157.706116 84.618
158.848923 84.595
160.000000 84.573
161.159424 84.553
162.327255 84.534
163.503540 84.517
164.688354 84.500
165.881760 84.479
167.083801 84.457
168.294571 84.440
169.514099 84.425
170.742462 84.410
171.979736 84.392
173.225967 84.374
174.481232 84.356
175.745605 84.336
177.019119 84.307
178.301880 84.273
179.593933 84.242
180.895340 84.213
182.206177 84.182
183.526520 84.148
184.856430 84.113
186.195984 84.080
187.545227 84.045
188.904266 84.011
190.273132 83.976
191.651932 83.939
193.040726 83.904
194.439575 83.876
195.848572 83.854
197.267761 83.835
198.697250 83.815
200.137085 83.798
201.587372 83.787
203.048157 83.782
204.519531 83.777
206.001556 83.769
207.494324 83.758
208.997925 83.746
210.512405 83.736
212.037857 83.722
213.574371 83.701
215.122025 83.679
216.680893 83.656
218.251053 83.630
219.832581 83.605
221.425583 83.586
223.030121 83.571
224.646286 83.555
226.274170 83.536
227.913849 83.512
229.565399 83.486
231.228928 83.460
232.904510 83.438
234.592224 83.416
236.292191 83.393
238.004456 83.367
239.729126 83.340
241.466309 83.314
243.216080 83.288
244.978516 83.258
246.753738 83.227
248.541809 83.196
250.342850 83.167
252.156937 83.137
253.984161 83.107
255.824646 83.080
257.678467 83.056
259.545685 83.034
261.426483 83.012
263.320862 82.989
265.229004 82.966
267.150970 82.938
269.086853 82.907
271.036774 82.878
273.000824 82.853
274.979095 82.831
276.971710 82.807
278.978760 82.779
281.000336 82.753
283.036591 82.728
285.087585 82.703
287.153442 82.677
289.234283 82.648
291.330200 82.619
293.441284 82.592
295.567688 82.568
297.709503 82.545
299.866821 82.521
302.039795 82.496
304.228485 82.471
306.433044 82.448
308.653595 82.426
310.890228 82.404
313.143066 82.381
315.412231 82.356
317.697845 82.331
320.000000 82.308
322.318848 82.287
324.654510 82.266
327.007080 82.242
329.376709 82.214
331.763519 82.187
334.167603 82.161
336.589142 82.137
339.028198 82.116
341.484924 82.094
343.959473 82.073
346.451935 82.052
348.962463 82.031
351.491211 82.008
354.038239 81.983
356.603760 81.956
359.187866 81.929
361.790680 81.903
364.412354 81.880
367.053040 81.859
369.712860 81.838
372.391968 81.814
375.090454 81.791
377.808533 81.769
380.546265 81.750
383.303864 81.733
386.081451 81.716
388.879150 81.698
391.697144 81.677
394.535522 81.654
397.394501 81.631
400.274170 81.610
403.174744 81.588
406.096313 81.566
409.039062 81.548
412.003113 81.531
414.988647 81.513
417.995850 81.494
421.024811 81.473
424.075714 81.452
427.148743 81.434
430.244049 81.417
433.361786 81.397
436.502106 81.376
439.665161 81.358
442.851166 81.344
446.060242 81.333
449.292572 81.319
452.548340 81.297
455.827698 81.272
459.130798 81.252
462.457855 81.235
465.809021 81.215
469.184448 81.197
472.584381 81.184
476.008911 81.170
479.458252 81.153
482.932617 81.138
486.432159 81.124
489.957031 81.108
493.507477 81.090
497.083618 81.076
500.685699 81.061
504.313873 81.043
507.968323 81.023
511.649292 81.004
515.356934 80.987
519.091370 80.969
522.852966 80.950
526.641724 80.931
530.458008 80.912
534.301941 80.894
538.173706 80.876
542.073547 80.858
546.001648 80.840
549.958191 80.823
553.943420 80.808
557.957520 80.793
562.000671 80.774
566.073181 80.752
570.175171 80.730
574.306885 80.713
578.468567 80.701
582.660400 80.691
586.882568 80.678
591.135376 80.662
595.419006 80.647
599.733643 80.631
604.079590 80.615
608.456970 80.600
612.866089 80.585
617.307190 80.568
621.780457 80.554
626.286133 80.547
630.824463 80.543
635.395691 80.534
640.000000 80.517
644.637695 80.497
649.309021 80.481
654.014160 80.470
658.753418 80.460
663.527039 80.448
668.335205 80.435
673.178284 80.421
678.056396 80.409
682.969849 80.399
687.918945 80.387
692.903870 80.375
697.924927 80.367
702.982422 80.360
708.076477 80.354
713.207520 80.348
718.375732 80.338
723.581360 80.326
728.824707 80.314
734.106079 80.303
739.425720 80.294
744.783936 80.286
750.180908 80.282
755.617065 80.280
761.092529 80.279
766.607727 80.280
772.162903 80.279
777.758301 80.276
783.394287 80.272
789.071045 80.271
794.789001 80.270
800.548340 80.268
806.349487 80.266
812.192627 80.264
818.078125 80.263
824.006226 80.263
829.977295 80.261
835.991699 80.257
842.049622 80.259
848.151428 80.266
854.297485 80.274
860.488098 80.284
866.723572 80.296
873.004211 80.308
879.330322 80.313
885.702332 80.313
892.120483 80.313
898.585144 80.315
905.096680 80.324
911.655396 80.346
918.261597 80.376
924.915710 80.409
931.618042 80.443
938.368896 80.478
945.168762 80.510
952.017822 80.540
958.916504 80.570
965.865234 80.603
972.864319 80.639
979.914062 80.673
987.014954 80.706
994.167236 80.741
1001.371399 80.780
1008.627747 80.818
1015.936646 80.857
1023.298584 80.898
1030.713867 80.946
1038.182739 81.002
1045.705933 81.060
1053.283447 81.119
1060.916016 81.179
1068.603882 81.242
1076.347412 81.314
1084.147095 81.395
1092.003296 81.484
1099.916382 81.576
1107.886841 81.667
1115.915039 81.760
1124.001343 81.860
1132.146362 81.961
1140.350342 82.060
1148.613770 82.158
1156.937134 82.251
1165.320801 82.336
1173.765137 82.418
1182.270752 82.499
1190.838013 82.581
1199.467285 82.658
1208.159180 82.731
1216.913940 82.803
1225.732178 82.873
1234.614380 82.944
1243.560913 83.015
1252.572266 83.083
1261.648926 83.145
1270.791382 83.205
1280.000000 83.265
1289.275391 83.322
1298.618042 83.377
1308.028320 83.431
1317.506836 83.484
1327.054077 83.534
1336.670410 83.583
1346.356567 83.629
1356.112793 83.673
1365.939697 83.716
1375.837891 83.759
1385.807739 83.800
1395.849854 83.839
1405.964844 83.878
1416.152954 83.917
1426.415039 83.953
1436.751465 83.987
1447.162720 84.022
1457.649414 84.058
1468.212158 84.092
1478.851440 84.123
1489.567871 84.153
1500.361816 84.183
1511.234131 84.213
1522.185059 84.245
1533.215454 84.275
1544.325806 84.302
1555.516602 84.329
1566.788574 84.356
1578.142090 84.384
1589.578003 84.412
1601.096680 84.439
1612.698975 84.464
1624.385254 84.491
1636.156250 84.521
1648.012451 84.551
1659.954590 84.580
1671.983398 84.610
1684.099243 84.639
1696.302856 84.668
1708.594971 84.697
1720.976196 84.726
1733.447144 84.754
1746.008423 84.783
1758.660645 84.813
1771.404663 84.843
1784.240967 84.871
1797.170288 84.899
1810.193359 84.928
1823.310791 84.960
1836.523193 84.994
1849.831421 85.028
1863.236084 85.061
1876.737793 85.094
1890.337524 85.127
1904.035645 85.161
1917.833008 85.196
1931.730469 85.232
1945.728638 85.269
1959.828125 85.306
1974.029907 85.343
1988.334473 85.381
2002.742798 85.420
2017.255493 85.457
2031.873291 85.496
2046.597168 85.537
2061.427734 85.577
2076.365479 85.615
2091.411865 85.655
2106.566895 85.694
2121.832031 85.735
2137.207764 85.777
2152.694824 85.821
2168.294189 85.863
2184.006592 85.904
2199.832764 85.947
2215.773682 85.990
2231.830078 86.035
2248.002686 86.081
2264.292725 86.125
2280.700684 86.169
2297.227539 86.212
2313.874268 86.257
2330.641602 86.303
2347.530273 86.352
2364.541504 86.405
2381.676025 86.465
2398.934570 86.531
2416.318359 86.603
2433.827881 86.683
2451.464355 86.770
2469.228760 86.861
2487.121826 86.953
2505.144531 87.040
2523.297852 87.123
2541.582764 87.199
2560.000000 87.268
2578.550781 87.330
2597.236084 87.387
2616.056641 87.443
2635.013672 87.497
2654.108154 87.547
2673.340820 87.595
2692.713135 87.642
2712.225586 87.687
2731.879395 87.731
2751.675781 87.775
2771.615479 87.817
2791.699707 87.856
2811.929688 87.892
2832.305908 87.924
2852.830078 87.954
2873.502930 87.983
2894.325439 88.010
2915.298828 88.034
2936.424316 88.055
2957.702881 88.073
2979.135742 88.089
3000.723633 88.104
3022.468262 88.115
3044.370117 88.121
3066.430908 88.124
3088.651611 88.124
3111.033203 88.121
3133.577148 88.115
3156.284180 88.104
3179.156006 88.091
3202.193359 88.075
3225.397949 88.056
3248.770508 88.030
3272.312500 88.000
3296.024902 87.966
3319.909180 87.930
3343.966797 87.889
3368.198486 87.842
3392.605713 87.788
3417.189941 87.729
3441.952393 87.667
3466.894287 87.606
3492.016846 87.541
3517.321289 87.471
3542.809326 87.394
3568.481934 87.312
3594.340576 87.224
3620.386719 87.126
3646.621582 87.016
3673.046387 86.894
3699.662842 86.764
3726.472168 86.629
3753.475586 86.489
3780.675049 86.351
3808.071289 86.222
3835.666016 86.103
3863.460938 85.992
3891.457275 85.885
3919.656250 85.778
3948.059814 85.673
3976.668945 85.573
4005.485596 85.479
4034.510986 85.393
4063.746582 85.311
4093.194336 85.233
4122.855469 85.160
4152.730957 85.093
4182.823730 85.031
4213.133789 84.972
4243.664062 84.915
4274.415527 84.859
4305.389648 84.805
4336.588379 84.750
4368.013184 84.693
4399.665527 84.636
4431.547363 84.581
4463.660156 84.530
4496.005371 84.484
4528.585449 84.443
4561.401367 84.404
4594.455078 84.365
4627.748535 84.328
4661.283203 84.298
4695.060547 84.275
4729.083008 84.255
4763.352051 84.238
4797.869141 84.226
4832.636719 84.222
4867.655762 84.224
4902.928711 84.230
4938.457520 84.240
4974.243652 84.256
5010.289062 84.277
5046.595703 84.304
5083.165527 84.337
5120.000000 84.376
5157.101562 84.424
5194.472168 84.483
5232.113281 84.550
5270.027344 84.627
5308.216309 84.720
5346.681641 84.829
5385.426270 84.952
5424.451172 85.089
5463.758789 85.242
5503.351562 85.415
5543.230957 85.605
5583.399414 85.810
5623.859375 86.025
5664.611816 86.243
5705.660156 86.456
5747.005859 86.652
5788.650879 86.817
5830.597656 86.932
5872.848633 86.984
5915.405762 86.961
5958.271484 86.854
6001.447266 86.657
6044.936523 86.376
6088.740234 86.027
6132.861816 85.627
6177.303223 85.191
6222.066406 84.736
6267.154297 84.280
6312.568359 83.838
6358.312012 83.421
6404.386719 83.034
6450.795898 82.681
6497.541016 82.363
6544.625000 82.081
6592.049805 81.832
6639.818359 81.616
6687.933594 81.432
6736.396973 81.278
6785.211426 81.153
6834.379883 81.053
6883.904785 80.973
6933.788574 80.913
6984.033691 80.874
7034.642578 80.852
7085.618652 80.847
7136.963867 80.863
7188.681152 80.901
7240.773438 80.957
7293.243164 81.029
7346.092773 81.119
7399.325684 81.227
7452.944336 81.360
7506.951172 81.529
7561.350098 81.735
7616.142578 81.970
7671.332031 82.233
7726.921875 82.533
7782.914551 82.873
7839.312500 83.245
7896.119629 83.639
7953.337891 84.043
8010.971191 84.440
8069.021973 84.825
8127.493164 85.208
8186.388672 85.597
8245.710938 85.988
8305.461914 86.376
8365.647461 86.767
8426.267578 87.166
8487.328125 87.570
8548.831055 87.976
8610.779297 88.375
8673.176758 88.758
8736.026367 89.116
8799.331055 89.434
8863.094727 89.694
8927.320312 89.882
8992.010742 89.988
9057.170898 90.003
9122.802734 89.927
9188.910156 89.764
9255.497070 89.524
9322.566406 89.217
9390.121094 88.857
9458.166016 88.458
9526.704102 88.033
9595.738281 87.590
9665.273438 87.138
9735.311523 86.683
9805.857422 86.233
9876.915039 85.798
9948.487305 85.385
10020.578125 84.994
10093.191406 84.624
10166.331055 84.270
10240.000000 83.926
10314.203125 83.593
10388.944336 83.273
10464.226562 82.962
10540.054688 82.659
10616.432617 82.364
10693.363281 82.077
10770.852539 81.799
10848.902344 81.533
10927.517578 81.274
11006.703125 81.021
11086.461914 80.776
11166.798828 80.540
11247.718750 80.313
11329.223633 80.095
11411.320312 79.884
11494.011719 79.679
11577.301758 79.478
11661.195312 79.278
11745.697266 79.074
11830.811523 78.863
11916.542969 78.641
12002.894531 78.410
12089.873047 78.179
12177.480469 77.968
12265.723633 77.786
12354.606445 77.612
12444.132812 77.430
12534.308594 77.231
12625.136719 77.015
12716.624023 76.786
12808.773438 76.550
12901.591797 76.309
12995.082031 76.063
13089.250000 75.800
13184.099609 75.508
13279.636719 75.184
13375.867188 74.837
13472.793945 74.469
13570.422852 74.090
13668.759766 73.712
13767.809570 73.347
13867.577148 73.004
13968.067383 72.714
14069.285156 72.512
14171.237305 72.397
14273.927734 72.329
14377.362305 72.276
14481.546875 72.214
14586.486328 72.114
14692.185547 71.973
14798.651367 71.821
14905.888672 71.678
15013.902344 71.552
15122.700195 71.433
15232.285156 71.314
15342.664062 71.203
15453.843750 71.100
15565.829102 71.001
15678.625000 70.897
15792.239258 70.777
15906.675781 70.648
16021.942383 70.532
16138.043945 70.454
16254.986328 70.412
16372.777344 70.387
16491.421875 70.360
16610.923828 70.313
16731.294922 70.242
16852.535156 70.161
16974.656250 70.083
17097.662109 70.013
17221.558594 69.957
17346.353516 69.934
17472.052734 69.968
17598.662109 70.090
17726.189453 70.315
17854.640625 70.632
17984.021484 71.016
18114.341797 71.416
18245.605469 71.799
18377.820312 72.154
18510.994141 72.502
18645.132812 72.868
18780.242188 73.274
18916.332031 73.739
19053.408203 74.266
19191.476562 74.854
19330.546875 75.502
19470.623047 76.199
19611.714844 76.926
19753.830078 77.622
19896.974609 78.150
