20.000000 86.236
20.144928 86.225
20.290907 86.215
20.437943 86.206
20.586044 86.199
20.735220 86.195
20.885475 86.193
21.036821 86.193
21.189262 86.194
21.342808 86.195
21.497467 86.196
21.653246 86.198
21.810154 86.199
21.968201 86.203
22.127390 86.209
22.287735 86.219
22.449242 86.233
22.611917 86.252
22.775772 86.274
22.940815 86.299
23.107054 86.327
23.274498 86.353
23.443153 86.377
23.613033 86.397
23.784142 86.411
23.956491 86.421
24.130091 86.425
24.304947 86.426
24.481071 86.425
24.658470 86.423
24.837156 86.423
25.017136 86.425
25.198421 86.430
25.381020 86.438
25.564941 86.447
25.750195 86.456
25.936790 86.463
26.124741 86.466
26.314051 86.465
26.504732 86.460
26.696796 86.450
26.890253 86.438
27.085112 86.424
27.281382 86.410
27.479073 86.397
27.678198 86.388
27.878765 86.381
28.080786 86.377
28.284271 86.374
28.489231 86.372
28.695675 86.368
28.903616 86.362
29.113064 86.353
29.324028 86.342
29.536524 86.330
29.750557 86.321
29.966141 86.317
30.183289 86.320
30.402010 86.332
30.622314 86.351
30.844217 86.374
31.067726 86.396
31.292856 86.412
31.519617 86.418
31.748020 86.412
31.978081 86.395
32.209808 86.370
32.443211 86.343
32.678310 86.321
32.915108 86.308
33.153625 86.306
33.393871 86.315
33.635857 86.329
33.879597 86.344
34.125103 86.353
34.372387 86.353
34.621464 86.345
34.872345 86.330
35.125042 86.314
35.379574 86.300
35.635948 86.294
35.894180 86.297
36.154285 86.308
36.416275 86.321
36.680161 86.333
36.945961 86.339
37.213688 86.334
37.483353 86.317
37.754974 86.290
38.028561 86.256
38.304131 86.220
38.581699 86.188
38.861279 86.166
39.142883 86.156
39.426529 86.158
39.712231 86.168
40.000000 86.180
40.289856 86.186
40.581814 86.182
40.875885 86.171
41.172089 86.157
41.470440 86.151
41.770950 86.159
42.073643 86.185
42.378525 86.221
42.685616 86.255
42.994934 86.272
43.306492 86.266
43.620308 86.239
43.936401 86.202
44.254780 86.170
44.575470 86.157
44.898483 86.162
45.223835 86.179
45.551544 86.191
45.881630 86.188
46.214108 86.167
46.548996 86.136
46.886307 86.106
47.226067 86.084
47.568283 86.070
47.912983 86.055
48.260181 86.030
48.609894 85.996
48.962143 85.963
49.316940 85.945
49.674313 85.951
50.034271 85.972
50.396843 85.988
50.762039 85.981
51.129883 85.949
51.500389 85.908
51.873581 85.882
52.249481 85.877
52.628101 85.878
53.009464 85.859
53.393593 85.809
53.780506 85.753
54.170223 85.736
54.562763 85.779
54.958145 85.859
55.356396 85.918
55.757530 85.918
56.161572 85.872
56.568542 85.835
56.978462 85.851
57.391350 85.911
57.807232 85.964
58.226128 85.967
58.648056 85.927
59.073048 85.886
59.501114 85.875
59.932281 85.884
60.366577 85.884
60.804020 85.866
61.244629 85.854
61.688435 85.867
62.135452 85.891
62.585712 85.894
63.039234 85.864
63.496040 85.832
63.956161 85.832
64.419617 85.863
64.886421 85.892
65.356621 85.887
65.830215 85.855
66.307251 85.824
66.787743 85.809
67.271713 85.800
67.759193 85.785
68.250206 85.762
68.744774 85.739
69.242928 85.715
69.744690 85.689
70.250084 85.669
70.759148 85.667
71.271896 85.684
71.788361 85.698
72.308571 85.690
72.832550 85.665
73.360321 85.648
73.891922 85.659
74.427376 85.680
74.966705 85.671
75.509949 85.617
76.057121 85.552
76.608261 85.532
77.163399 85.566
77.722557 85.601
78.285767 85.588
78.853058 85.544
79.424461 85.517
80.000000 85.521
80.579712 85.520
81.163628 85.497
81.751770 85.475
82.344177 85.478
82.940880 85.488
83.541901 85.476
84.147285 85.440
84.757050 85.403
85.371231 85.386
85.989868 85.384
86.612984 85.379
87.240616 85.360
87.872803 85.337
88.509560 85.322
89.150940 85.305
89.796967 85.279
90.447670 85.261
91.103088 85.262
91.763260 85.252
92.428215 85.214
93.097992 85.187
93.772614 85.185
94.452133 85.169
95.136566 85.130
95.825966 85.111
96.520363 85.110
97.219788 85.094
97.924286 85.069
98.633881 85.053
99.348625 85.039
100.068542 85.036
100.793686 85.033
101.524078 84.998
102.259766 84.957
103.000778 84.947
103.747162 84.936
104.498962 84.908
105.256203 84.892
106.018929 84.876
106.787186 84.843
107.561012 84.819
108.340446 84.799
109.125526 84.772
109.916290 84.755
110.712791 84.744
111.515060 84.722
112.323143 84.706
113.137085 84.694
113.956924 84.658
114.782700 84.621
115.614464 84.613
116.452255 84.602
117.296112 84.569
118.146095 84.526
119.002228 84.488
119.864563 84.465
120.733154 84.432
121.608040 84.413
122.489258 84.412
123.376869 84.360
124.270905 84.320
125.171425 84.326
126.078468 84.293
126.992081 84.247
127.912323 84.246
128.839233 84.242
129.772842 84.201
130.713242 84.187
131.660431 84.195
132.614502 84.173
133.575485 84.150
134.543427 84.144
135.518387 84.140
136.500412 84.152
137.489548 84.125
138.485855 84.091
139.489380 84.122
140.500168 84.131
141.518295 84.110
142.543793 84.086
143.576721 84.115
144.617142 84.026
145.665100 84.001
146.720642 84.056
147.783844 84.016
148.854752 84.045
149.933411 84.027
151.019897 83.983
152.114243 83.953
153.216522 83.935
154.326797 83.915
155.445114 83.906
156.571533 83.875
157.706116 83.869
158.848923 83.866
160.000000 83.830
161.159424 83.811
162.327255 83.814
163.503540 83.797
164.688354 83.765
165.881760 83.753
167.083801 83.750
168.294571 83.743
169.514099 83.701
170.742462 83.713
171.979736 83.718
173.225967 83.681
174.481232 83.677
175.745605 83.639
177.019119 83.587
178.301880 83.559
179.593933 83.507
180.895340 83.474
182.206177 83.428
183.526520 83.377
184.856430 83.321
186.195984 83.275
187.545227 83.231
188.904266 83.202
190.273132 83.115
191.651932 83.079
193.040726 83.063
194.439575 83.053
195.848572 82.977
197.267761 82.969
198.697250 82.938
200.137085 82.883
201.587372 82.858
203.048157 82.881
204.519531 82.861
206.001556 82.877
207.494324 82.858
208.997925 82.843
210.512405 82.822
212.037857 82.801
213.574371 82.749
215.122025 82.776
216.680893 82.725
218.251053 82.716
219.832581 82.678
221.425583 82.650
223.030121 82.635
224.646286 82.605
226.274170 82.572
227.913849 82.574
229.565399 82.517
231.228928 82.496
232.904510 82.473
234.592224 82.443
236.292191 82.392
238.004456 82.373
239.729126 82.347
241.466309 82.315
243.216080 82.304
244.978516 82.281
246.753738 82.225
248.541809 82.209
250.342850 82.190
252.156937 82.141
253.984161 82.166
255.824646 82.117
257.678467 82.083
259.545685 82.048
261.426483 82.034
263.320862 81.991
265.229004 81.961
267.150970 81.917
269.086853 81.919
271.036774 81.915
273.000824 81.871
274.979095 81.854
276.971710 81.848
278.978760 81.783
281.000336 81.765
283.036591 81.718
285.087585 81.727
287.153442 81.697
289.234283 81.660
291.330200 81.634
293.441284 81.605
295.567688 81.588
297.709503 81.587
299.866821 81.569
302.039795 81.515
304.228485 81.509
306.433044 81.469
308.653595 81.458
310.890228 81.430
313.143066 81.400
315.412231 81.362
317.697845 81.361
320.000000 81.315
322.318848 81.323
324.654510 81.266
327.007080 81.244
329.376709 81.249
331.763519 81.223
334.167603 81.182
336.589142 81.186
339.028198 81.156
341.484924 81.108
343.959473 81.098
346.451935 81.081
348.962463 81.067
351.491211 81.040
354.038239 81.026
356.603760 80.989
359.187866 80.990
361.790680 80.961
364.412354 80.932
367.053040 80.952
369.712860 80.885
372.391968 80.887
375.090454 80.828
377.808533 80.824
380.546265 80.822
383.303864 80.802
386.081451 80.794
388.879150 80.789
391.697144 80.727
394.535522 80.714
397.394501 80.735
400.274170 80.677
403.174744 80.677
406.096313 80.645
409.039062 80.614
412.003113 80.631
414.988647 80.600
417.995850 80.594
421.024811 80.558
424.075714 80.551
427.148743 80.557
430.244049 80.507
433.361786 80.468
436.502106 80.458
439.665161 80.482
442.851166 80.450
446.060242 80.435
449.292572 80.414
452.548340 80.403
455.827698 80.421
459.130798 80.395
462.457855 80.403
465.809021 80.389
469.184448 80.349
472.584381 80.322
476.008911 80.317
479.458252 80.301
482.932617 80.256
486.432159 80.278
489.957031 80.297
493.507477 80.284
497.083618 80.269
500.685699 80.249
504.313873 80.233
507.968323 80.240
511.649292 80.194
515.356934 80.193
519.091370 80.183
522.852966 80.179
526.641724 80.155
530.458008 80.172
534.301941 80.107
538.173706 80.105
542.073547 80.113
546.001648 80.069
549.958191 80.055
553.943420 80.071
557.957520 80.034
562.000671 80.032
566.073181 80.011
570.175171 80.002
574.306885 80.022
578.468567 79.930
582.660400 79.956
586.882568 79.941
591.135376 79.917
595.419006 79.903
599.733643 79.896
604.079590 79.908
608.456970 79.907
612.866089 79.900
617.307190 79.873
621.780457 79.877
626.286133 79.850
630.824463 79.878
635.395691 79.833
640.000000 79.812
644.637695 79.814
649.309021 79.793
654.014160 79.814
658.753418 79.780
663.527039 79.797
668.335205 79.767
673.178284 79.809
678.056396 79.779
682.969849 79.820
687.918945 79.793
692.903870 79.785
697.924927 79.788
702.982422 79.771
708.076477 79.791
713.207520 79.757
718.375732 79.760
723.581360 79.758
728.824707 79.751
734.106079 79.746
739.425720 79.763
744.783936 79.764
750.180908 79.786
755.617065 79.778
761.092529 79.781
766.607727 79.812
772.162903 79.805
777.758301 79.782
783.394287 79.823
789.071045 79.812
794.789001 79.824
800.548340 79.821
806.349487 79.829
812.192627 79.867
818.078125 79.846
824.006226 79.909
829.977295 79.920
835.991699 79.924
842.049622 79.885
848.151428 79.921
854.297485 79.917
860.488098 79.919
866.723572 79.994
873.004211 80.022
879.330322 80.037
885.702332 80.040
892.120483 80.025
898.585144 80.087
905.096680 80.046
911.655396 80.081
918.261597 80.142
924.915710 80.168
931.618042 80.234
938.368896 80.271
945.168762 80.294
952.017822 80.362
958.916504 80.399
965.865234 80.404
972.864319 80.472
979.914062 80.497
987.014954 80.570
994.167236 80.536
1001.371399 80.672
1008.627747 80.697
1015.936646 80.702
1023.298584 80.766
1030.713867 80.746
1038.182739 80.835
1045.705933 80.892
1053.283447 80.973
1060.916016 80.956
1068.603882 81.014
1076.347412 81.139
1084.147095 81.185
1092.003296 81.256
1099.916382 81.365
1107.886841 81.400
1115.915039 81.520
1124.001343 81.596
1132.146362 81.675
1140.350342 81.767
1148.613770 81.851
1156.937134 81.957
1165.320801 82.006
1173.765137 82.083
1182.270752 82.132
1190.838013 82.245
1199.467285 82.345
1208.159180 82.342
1216.913940 82.432
1225.732178 82.517
1234.614380 82.553
1243.560913 82.611
1252.572266 82.693
1261.648926 82.775
1270.791382 82.868
1280.000000 82.916
1289.275391 82.955
1298.618042 83.045
1308.028320 83.109
1317.506836 83.120
1327.054077 83.186
1336.670410 83.262
1346.356567 83.337
1356.112793 83.347
1365.939697 83.404
1375.837891 83.473
1385.807739 83.522
1395.849854 83.533
1405.964844 83.628
1416.152954 83.659
1426.415039 83.703
1436.751465 83.731
1447.162720 83.805
1457.649414 83.825
1468.212158 83.888
1478.851440 83.909
1489.567871 83.946
1500.361816 83.968
1511.234131 84.061
1522.185059 84.071
1533.215454 84.107
1544.325806 84.171
1555.516602 84.149
1566.788574 84.229
1578.142090 84.244
1589.578003 84.297
1601.096680 84.352
1612.698975 84.364
1624.385254 84.411
1636.156250 84.448
1648.012451 84.440
1659.954590 84.523
1671.983398 84.555
1684.099243 84.566
1696.302856 84.576
1708.594971 84.644
1720.976196 84.666
1733.447144 84.705
1746.008423 84.735
1758.660645 84.736
1771.404663 84.824
1784.240967 84.850
1797.170288 84.867
1810.193359 84.931
1823.310791 84.990
1836.523193 85.087
1849.831421 85.191
1863.236084 85.304
1876.737793 85.425
1890.337524 85.563
1904.035645 85.691
1917.833008 85.767
1931.730469 85.874
1945.728638 85.936
1959.828125 86.009
1974.029907 86.062
1988.334473 86.144
2002.742798 86.176
2017.255493 86.198
2031.873291 86.285
2046.597168 86.350
2061.427734 86.397
2076.365479 86.439
2091.411865 86.507
2106.566895 86.572
2121.832031 86.603
2137.207764 86.681
2152.694824 86.745
2168.294189 86.809
2184.006592 86.877
2199.832764 86.916
2215.773682 86.997
2231.830078 87.071
2248.002686 87.127
2264.292725 87.204
2280.700684 87.249
2297.227539 87.336
2313.874268 87.384
2330.641602 87.464
2347.530273 87.526
2364.541504 87.627
2381.676025 87.670
2398.934570 87.752
2416.318359 87.823
2433.827881 87.881
2451.464355 87.936
2469.228760 88.024
2487.121826 88.068
2505.144531 88.138
2523.297852 88.192
2541.582764 88.272
2560.000000 88.334
2578.550781 88.363
2597.236084 88.433
2616.056641 88.478
2635.013672 88.533
2654.108154 88.571
2673.340820 88.618
2692.713135 88.687
2712.225586 88.718
2731.879395 88.785
2751.675781 88.789
2771.615479 88.829
2791.699707 88.850
2811.929688 88.908
2832.305908 88.918
2852.830078 88.902
2873.502930 88.933
2894.325439 88.920
2915.298828 88.947
2936.424316 88.904
2957.702881 88.916
2979.135742 88.905
3000.723633 88.905
3022.468262 88.886
3044.370117 88.862
3066.430908 88.837
3088.651611 88.831
3111.033203 88.811
3133.577148 88.771
3156.284180 88.709
3179.156006 88.687
3202.193359 88.621
3225.397949 88.556
3248.770508 88.477
3272.312500 88.400
3296.024902 88.292
3319.909180 88.176
3343.966797 88.067
3368.198486 87.888
3392.605713 87.799
3417.189941 87.667
3441.952393 87.540
3466.894287 87.414
3492.016846 87.339
3517.321289 87.247
3542.809326 87.159
3568.481934 87.097
3594.340576 87.033
3620.386719 86.975
3646.621582 86.957
3673.046387 86.871
3699.662842 86.860
3726.472168 86.815
3753.475586 86.748
3780.675049 86.699
3808.071289 86.672
3835.666016 86.562
3863.460938 86.521
3891.457275 86.456
3919.656250 86.416
3948.059814 86.289
3976.668945 86.262
4005.485596 86.168
4034.510986 86.103
4063.746582 86.043
4093.194336 85.966
4122.855469 85.946
4152.730957 85.902
4182.823730 85.852
4213.133789 85.823
4243.664062 85.794
4274.415527 85.803
4305.389648 85.735
4336.588379 85.721
4368.013184 85.706
4399.665527 85.655
4431.547363 85.622
4463.660156 85.617
4496.005371 85.563
4528.585449 85.542
4561.401367 85.537
4594.455078 85.504
4627.748535 85.487
4661.283203 85.497
4695.060547 85.453
4729.083008 85.472
4763.352051 85.512
4797.869141 85.508
4832.636719 85.529
4867.655762 85.499
4902.928711 85.518
4938.457520 85.598
4974.243652 85.594
5010.289062 85.614
5046.595703 85.679
5083.165527 85.719
5120.000000 85.778
5157.101562 85.848
5194.472168 85.914
5232.113281 85.962
5270.027344 86.124
5308.216309 86.182
5346.681641 86.280
5385.426270 86.396
5424.451172 86.598
5463.758789 86.737
5503.351562 86.931
5543.230957 87.157
5583.399414 87.361
5623.859375 87.564
5664.611816 87.799
5705.660156 88.026
5747.005859 88.218
5788.650879 88.429
5830.597656 88.553
5872.848633 88.627
5915.405762 88.605
5958.271484 88.535
6001.447266 88.411
6044.936523 88.165
6088.740234 87.876
6132.861816 87.561
6177.303223 87.204
6222.066406 86.813
6267.154297 86.497
6312.568359 86.173
6358.312012 85.895
6404.386719 85.603
6450.795898 85.361
6497.541016 85.113
6544.625000 84.988
6592.049805 84.866
6639.818359 84.752
6687.933594 84.659
6736.396973 84.530
6785.211426 84.478
6834.379883 84.482
6883.904785 84.497
6933.788574 84.510
6984.033691 84.584
7034.642578 84.608
7085.618652 84.764
7136.963867 84.855
7188.681152 84.937
7240.773438 85.111
7293.243164 85.272
7346.092773 85.446
7399.325684 85.707
7452.944336 85.937
7506.951172 86.182
7561.350098 86.553
7616.142578 86.847
7671.332031 87.258
7726.921875 87.648
7782.914551 88.038
7839.312500 88.483
7896.119629 88.970
7953.337891 89.393
8010.971191 89.801
8069.021973 90.092
8127.493164 90.323
8186.388672 90.538
8245.710938 90.663
8305.461914 90.686
8365.647461 90.622
8426.267578 90.472
8487.328125 90.288
8548.831055 90.017
8610.779297 89.728
8673.176758 89.357
8736.026367 89.008
8799.331055 88.590
8863.094727 88.219
8927.320312 87.804
8992.010742 87.389
9057.170898 87.027
9122.802734 86.694
9188.910156 86.347
9255.497070 86.047
9322.566406 85.628
9390.121094 85.440
9458.166016 85.076
9526.704102 84.801
9595.738281 84.552
9665.273438 84.318
9735.311523 84.111
9805.857422 83.888
9876.915039 83.577
9948.487305 83.441
10020.578125 83.212
10093.191406 82.990
10166.331055 82.759
10240.000000 82.543
10314.203125 82.371
10388.944336 82.053
10464.226562 81.851
10540.054688 81.684
10616.432617 81.372
10693.363281 81.031
10770.852539 80.772
10848.902344 80.646
10927.517578 80.316
11006.703125 80.182
11086.461914 79.877
11166.798828 79.594
11247.718750 79.491
11329.223633 79.306
11411.320312 79.149
11494.011719 79.080
11577.301758 78.912
11661.195312 78.820
11745.697266 78.671
11830.811523 78.620
11916.542969 78.431
12002.894531 78.355
12089.873047 78.333
12177.480469 78.341
12265.723633 78.238
12354.606445 78.346
12444.132812 78.308
12534.308594 78.321
12625.136719 78.232
12716.624023 78.210
12808.773438 78.309
12901.591797 78.195
12995.082031 78.061
13089.250000 77.902
13184.099609 77.913
13279.636719 77.664
13375.867188 77.543
13472.793945 77.109
13570.422852 76.901
13668.759766 76.514
13767.809570 76.301
13867.577148 75.877
13968.067383 75.445
14069.285156 75.272
14171.237305 75.068
14273.927734 74.928
14377.362305 74.666
14481.546875 74.536
14586.486328 74.117
14692.185547 73.695
14798.651367 73.494
14905.888672 73.187
15013.902344 72.839
15122.700195 72.942
15232.285156 72.502
15342.664062 72.195
15453.843750 72.048
15565.829102 71.606
15678.625000 71.574
15792.239258 71.381
15906.675781 71.332
16021.942383 71.106
16138.043945 71.264
16254.986328 71.362
16372.777344 71.070
16491.421875 71.293
16610.923828 71.422
16731.294922 71.894
16852.535156 72.012
16974.656250 72.370
17097.662109 72.447
17221.558594 72.857
17346.353516 73.381
17472.052734 73.737
17598.662109 74.026
17726.189453 75.034
17854.640625 75.824
17984.021484 76.589
18114.341797 77.508
18245.605469 78.396
18377.820312 79.424
18510.994141 80.121
18645.132812 80.790
18780.242188 81.014
18916.332031 80.899
19053.408203 80.402
19191.476562 79.871
19330.546875 78.915
19470.623047 77.755
19611.714844 76.555
19753.830078 75.621
19896.974609 74.641
