20.000000 86.214
20.144928 86.225
20.290907 86.233
20.437943 86.239
20.586044 86.244
20.735220 86.247
20.885475 86.250
21.036821 86.253
21.189262 86.255
21.342808 86.258
21.497467 86.260
21.653246 86.263
21.810154 86.266
21.968201 86.269
22.127390 86.272
22.287735 86.274
22.449242 86.277
22.611917 86.280
22.775772 86.284
22.940815 86.289
23.107054 86.295
23.274498 86.302
23.443153 86.310
23.613033 86.318
23.784142 86.326
23.956491 86.332
24.130091 86.336
24.304947 86.339
24.481071 86.339
24.658470 86.339
24.837156 86.336
25.017136 86.333
25.198421 86.330
25.381020 86.326
25.564941 86.322
25.750195 86.317
25.936790 86.313
26.124741 86.308
26.314051 86.305
26.504732 86.302
26.696796 86.301
26.890253 86.302
27.085112 86.305
27.281382 86.308
27.479073 86.311
27.678198 86.312
27.878765 86.310
28.080786 86.303
28.284271 86.292
28.489231 86.277
28.695675 86.262
28.903616 86.248
29.113064 86.239
29.324028 86.237
29.536524 86.245
29.750557 86.260
29.966141 86.280
30.183289 86.304
30.402010 86.325
30.622314 86.341
30.844217 86.349
31.067726 86.349
31.292856 86.341
31.519617 86.328
31.748020 86.315
31.978081 86.303
32.209808 86.296
32.443211 86.294
32.678310 86.293
32.915108 86.294
33.153625 86.292
33.393871 86.286
33.635857 86.274
33.879597 86.260
34.125103 86.246
34.372387 86.236
34.621464 86.233
34.872345 86.239
35.125042 86.250
35.379574 86.265
35.635948 86.279
35.894180 86.288
36.154285 86.291
36.416275 86.288
36.680161 86.279
36.945961 86.267
37.213688 86.254
37.483353 86.240
37.754974 86.226
38.028561 86.210
38.304131 86.193
38.581699 86.176
38.861279 86.161
39.142883 86.148
39.426529 86.140
39.712231 86.135
40.000000 86.133
40.289856 86.134
40.581814 86.137
40.875885 86.141
41.172089 86.145
41.470440 86.145
41.770950 86.138
42.073643 86.120
42.378525 86.092
42.685616 86.058
42.994934 86.026
43.306492 86.005
43.620308 86.001
43.936401 86.012
44.254780 86.031
44.575470 86.049
44.898483 86.054
45.223835 86.044
45.551544 86.022
45.881630 85.995
46.214108 85.974
46.548996 85.963
46.886307 85.961
47.226067 85.961
47.568283 85.955
47.912983 85.937
48.260181 85.911
48.609894 85.883
48.962143 85.861
49.316940 85.853
49.674313 85.857
50.034271 85.870
50.396843 85.887
50.762039 85.901
51.129883 85.907
51.500389 85.901
51.873581 85.881
52.249481 85.851
52.628101 85.820
53.009464 85.798
53.393593 85.791
53.780506 85.793
54.170223 85.793
54.562763 85.781
54.958145 85.760
55.356396 85.738
55.757530 85.724
56.161572 85.718
56.568542 85.714
56.978462 85.705
57.391350 85.695
57.807232 85.691
58.226128 85.696
58.648056 85.702
59.073048 85.698
59.501114 85.683
59.932281 85.667
60.366577 85.661
60.804020 85.670
61.244629 85.681
61.688435 85.684
62.135452 85.674
62.585712 85.657
63.039234 85.640
63.496040 85.628
63.956161 85.616
64.419617 85.604
64.886421 85.592
65.356621 85.581
65.830215 85.573
66.307251 85.569
66.787743 85.569
67.271713 85.569
67.759193 85.565
68.250206 85.556
68.744774 85.544
69.242928 85.529
69.744690 85.507
70.250084 85.478
70.759148 85.453
71.271896 85.448
71.788361 85.462
72.308571 85.476
72.832550 85.469
73.360321 85.443
73.891922 85.416
74.427376 85.398
74.966705 85.380
75.509949 85.356
76.057121 85.335
76.608261 85.330
77.163399 85.337
77.722557 85.337
78.285767 85.322
78.853058 85.303
79.424461 85.291
80.000000 85.282
80.579712 85.271
81.163628 85.256
81.751770 85.233
82.344177 85.198
82.940880 85.165
83.541901 85.153
84.147285 85.153
84.757050 85.139
85.371231 85.114
85.989868 85.100
86.612984 85.102
87.240616 85.100
87.872803 85.089
88.509560 85.073
89.150940 85.046
89.796967 85.004
90.447670 84.972
91.103088 84.961
91.763260 84.959
92.428215 84.953
93.097992 84.932
93.772614 84.886
94.452133 84.841
95.136566 84.831
95.825966 84.827
96.520363 84.792
97.219788 84.762
97.924286 84.759
98.633881 84.733
99.348625 84.695
100.068542 84.688
100.793686 84.667
101.524078 84.613
102.259766 84.612
103.000778 84.639
103.747162 84.594
104.498962 84.531
105.256203 84.518
106.018929 84.489
106.787186 84.445
107.561012 84.447
108.340446 84.443
109.125526 84.393
109.916290 84.353
110.712791 84.340
111.515060 84.322
112.323143 84.285
113.137085 84.254
113.956924 84.243
114.782700 84.215
115.614464 84.180
116.452255 84.175
117.296112 84.147
118.146095 84.111
119.002228 84.119
119.864563 84.132
120.733154 84.117
121.608040 84.070
122.489258 84.064
123.376869 84.063
124.270905 84.015
125.171425 84.087
126.078468 84.112
126.992081 84.019
127.912323 84.024
128.839233 83.976
129.772842 83.935
130.713242 83.968
131.660431 83.963
132.614502 83.973
133.575485 83.962
134.543427 83.940
135.518387 83.938
136.500412 83.937
137.489548 83.920
138.485855 83.885
139.489380 83.866
140.500168 83.884
141.518295 83.860
142.543793 83.910
143.576721 83.786
144.617142 83.632
145.665100 83.748
146.720642 83.705
147.783844 83.660
148.854752 83.656
149.933411 83.641
151.019897 83.604
152.114243 83.583
153.216522 83.552
154.326797 83.549
155.445114 83.457
156.571533 83.463
157.706116 83.451
158.848923 83.420
160.000000 83.398
161.159424 83.377
162.327255 83.337
163.503540 83.331
164.688354 83.331
165.881760 83.325
167.083801 83.276
168.294571 83.239
169.514099 83.228
170.742462 83.235
171.979736 83.206
173.225967 83.195
174.481232 83.164
175.745605 83.162
177.019119 83.102
178.301880 83.097
179.593933 83.048
180.895340 83.043
182.206177 82.949
183.526520 82.901
184.856430 82.822
186.195984 82.783
187.545227 82.750
188.904266 82.672
190.273132 82.664
191.651932 82.632
193.040726 82.539
194.439575 82.514
195.848572 82.456
197.267761 82.398
198.697250 82.490
200.137085 82.376
201.587372 82.411
203.048157 82.404
204.519531 82.420
206.001556 82.355
207.494324 82.326
208.997925 82.279
210.512405 82.298
212.037857 82.272
213.574371 82.197
215.122025 82.261
216.680893 82.155
218.251053 82.191
219.832581 82.177
221.425583 82.097
223.030121 82.089
224.646286 82.048
226.274170 82.034
227.913849 82.006
229.565399 81.996
231.228928 81.925
232.904510 81.936
234.592224 81.909
236.292191 81.885
238.004456 81.825
239.729126 81.803
241.466309 81.786
243.216080 81.719
244.978516 81.721
246.753738 81.688
248.541809 81.670
250.342850 81.624
252.156937 81.577
253.984161 81.620
255.824646 81.528
257.678467 81.518
259.545685 81.509
261.426483 81.437
263.320862 81.446
265.229004 81.428
267.150970 81.370
269.086853 81.363
271.036774 81.307
273.000824 81.294
274.979095 81.274
276.971710 81.276
278.978760 81.234
281.000336 81.205
283.036591 81.166
285.087585 81.144
287.153442 81.069
289.234283 81.086
291.330200 81.050
293.441284 81.049
295.567688 81.019
297.709503 80.999
299.866821 80.969
302.039795 80.916
304.228485 80.882
306.433044 80.885
308.653595 80.888
310.890228 80.814
313.143066 80.789
315.412231 80.798
317.697845 80.751
320.000000 80.743
322.318848 80.707
324.654510 80.644
327.007080 80.686
329.376709 80.636
331.763519 80.575
334.167603 80.589
336.589142 80.538
339.028198 80.560
341.484924 80.490
343.959473 80.484
346.451935 80.493
348.962463 80.483
351.491211 80.459
354.038239 80.392
356.603760 80.384
359.187866 80.329
361.790680 80.348
364.412354 80.319
367.053040 80.308
369.712860 80.285
372.391968 80.275
375.090454 80.280
377.808533 80.246
380.546265 80.207
383.303864 80.208
386.081451 80.179
388.879150 80.148
391.697144 80.150
394.535522 80.092
397.394501 80.118
400.274170 80.097
403.174744 80.068
406.096313 80.060
409.039062 80.038
412.003113 80.028
414.988647 80.020
417.995850 79.954
421.024811 79.931
424.075714 79.940
427.148743 79.940
430.244049 79.881
433.361786 79.841
436.502106 79.916
439.665161 79.848
442.851166 79.835
446.060242 79.858
449.292572 79.839
452.548340 79.811
455.827698 79.804
459.130798 79.810
462.457855 79.751
465.809021 79.753
469.184448 79.769
472.584381 79.751
476.008911 79.725
479.458252 79.711
482.932617 79.726
486.432159 79.707
489.957031 79.682
493.507477 79.689
497.083618 79.636
500.685699 79.660
504.313873 79.661
507.968323 79.661
511.649292 79.593
515.356934 79.582
519.091370 79.597
522.852966 79.530
526.641724 79.560
530.458008 79.581
534.301941 79.538
538.173706 79.494
542.073547 79.549
546.001648 79.454
549.958191 79.466
553.943420 79.469
557.957520 79.431
562.000671 79.455
566.073181 79.425
570.175171 79.418
574.306885 79.375
578.468567 79.396
582.660400 79.363
586.882568 79.376
591.135376 79.374
595.419006 79.318
599.733643 79.367
604.079590 79.309
608.456970 79.308
612.866089 79.271
617.307190 79.291
621.780457 79.324
626.286133 79.236
630.824463 79.265
635.395691 79.204
640.000000 79.342
644.637695 79.243
649.309021 79.277
654.014160 79.242
658.753418 79.245
663.527039 79.226
668.335205 79.248
673.178284 79.216
678.056396 79.222
682.969849 79.219
687.918945 79.196
692.903870 79.230
697.924927 79.173
702.982422 79.161
708.076477 79.189
713.207520 79.190
718.375732 79.175
723.581360 79.238
728.824707 79.229
734.106079 79.185
739.425720 79.191
744.783936 79.236
750.180908 79.234
755.617065 79.240
761.092529 79.262
766.607727 79.234
772.162903 79.235
777.758301 79.276
783.394287 79.260
789.071045 79.263
794.789001 79.251
800.548340 79.293
806.349487 79.290
812.192627 79.283
818.078125 79.285
824.006226 79.338
829.977295 79.364
835.991699 79.317
842.049622 79.335
848.151428 79.344
854.297485 79.411
860.488098 79.372
866.723572 79.439
873.004211 79.496
879.330322 79.483
885.702332 79.498
892.120483 79.488
898.585144 79.493
905.096680 79.551
911.655396 79.557
918.261597 79.597
924.915710 79.635
931.618042 79.700
938.368896 79.703
945.168762 79.745
952.017822 79.818
958.916504 79.823
965.865234 79.867
972.864319 79.912
979.914062 79.952
987.014954 79.996
994.167236 80.041
1001.371399 80.057
1008.627747 80.134
1015.936646 80.206
1023.298584 80.181
1030.713867 80.244
1038.182739 80.235
1045.705933 80.285
1053.283447 80.356
1060.916016 80.399
1068.603882 80.487
1076.347412 80.549
1084.147095 80.584
1092.003296 80.682
1099.916382 80.742
1107.886841 80.836
1115.915039 80.949
1124.001343 80.990
1132.146362 81.112
1140.350342 81.134
1148.613770 81.239
1156.937134 81.330
1165.320801 81.392
1173.765137 81.479
1182.270752 81.521
1190.838013 81.580
1199.467285 81.643
1208.159180 81.740
1216.913940 81.811
1225.732178 81.873
1234.614380 81.912
1243.560913 81.983
1252.572266 82.053
1261.648926 82.100
1270.791382 82.168
1280.000000 82.210
1289.275391 82.287
1298.618042 82.324
1308.028320 82.396
1317.506836 82.446
1327.054077 82.472
1336.670410 82.539
1346.356567 82.607
1356.112793 82.672
1365.939697 82.695
1375.837891 82.720
1385.807739 82.772
1395.849854 82.827
1405.964844 82.876
1416.152954 82.928
1426.415039 82.938
1436.751465 83.000
1447.162720 83.018
1457.649414 83.092
1468.212158 83.109
1478.851440 83.122
1489.567871 83.179
1500.361816 83.231
1511.234131 83.252
1522.185059 83.275
1533.215454 83.275
1544.325806 83.331
1555.516602 83.371
1566.788574 83.342
1578.142090 83.425
1589.578003 83.455
1601.096680 83.476
1612.698975 83.534
1624.385254 83.638
1636.156250 83.690
1648.012451 83.810
1659.954590 83.940
1671.983398 84.010
1684.099243 84.137
1696.302856 84.201
1708.594971 84.277
1720.976196 84.381
1733.447144 84.400
1746.008423 84.430
1758.660645 84.488
1771.404663 84.541
1784.240967 84.580
1797.170288 84.632
1810.193359 84.695
1823.310791 84.692
1836.523193 84.747
1849.831421 84.780
1863.236084 84.852
1876.737793 84.896
1890.337524 84.937
1904.035645 85.000
1917.833008 85.044
1931.730469 85.088
1945.728638 85.145
1959.828125 85.212
1974.029907 85.254
1988.334473 85.315
2002.742798 85.381
2017.255493 85.445
2031.873291 85.473
2046.597168 85.558
2061.427734 85.657
2076.365479 85.637
2091.411865 85.726
2106.566895 85.806
2121.832031 85.858
2137.207764 85.944
2152.694824 85.977
2168.294189 86.060
2184.006592 86.134
2199.832764 86.191
2215.773682 86.245
2231.830078 86.303
2248.002686 86.342
2264.292725 86.433
2280.700684 86.511
2297.227539 86.550
2313.874268 86.656
2330.641602 86.690
2347.530273 86.734
2364.541504 86.816
2381.676025 86.876
2398.934570 86.948
2416.318359 86.999
2433.827881 87.081
2451.464355 87.148
2469.228760 87.231
2487.121826 87.312
2505.144531 87.410
2523.297852 87.501
2541.582764 87.633
2560.000000 87.727
2578.550781 87.836
2597.236084 87.910
2616.056641 87.973
2635.013672 88.046
2654.108154 88.114
2673.340820 88.174
2692.713135 88.230
2712.225586 88.257
2731.879395 88.287
2751.675781 88.360
2771.615479 88.378
2791.699707 88.414
2811.929688 88.451
2832.305908 88.474
2852.830078 88.467
2873.502930 88.493
2894.325439 88.508
2915.298828 88.518
2936.424316 88.556
2957.702881 88.541
2979.135742 88.531
3000.723633 88.555
3022.468262 88.535
3044.370117 88.492
3066.430908 88.496
3088.651611 88.460
3111.033203 88.404
3133.577148 88.394
3156.284180 88.363
3179.156006 88.308
3202.193359 88.246
3225.397949 88.185
3248.770508 88.116
3272.312500 87.995
3296.024902 87.887
3319.909180 87.769
3343.966797 87.656
3368.198486 87.461
3392.605713 87.334
3417.189941 87.173
3441.952393 87.059
3466.894287 86.913
3492.016846 86.792
3517.321289 86.700
3542.809326 86.601
3568.481934 86.491
3594.340576 86.463
3620.386719 86.399
3646.621582 86.347
3673.046387 86.289
3699.662842 86.243
3726.472168 86.189
3753.475586 86.136
3780.675049 86.117
3808.071289 86.002
3835.666016 85.934
3863.460938 85.899
3891.457275 85.845
3919.656250 85.729
3948.059814 85.712
3976.668945 85.641
4005.485596 85.616
4034.510986 85.601
4063.746582 85.561
4093.194336 85.530
4122.855469 85.570
4152.730957 85.573
4182.823730 85.585
4213.133789 85.566
4243.664062 85.545
4274.415527 85.596
4305.389648 85.571
4336.588379 85.555
4368.013184 85.555
4399.665527 85.593
4431.547363 85.541
4463.660156 85.582
4496.005371 85.561
4528.585449 85.555
4561.401367 85.550
4594.455078 85.582
4627.748535 85.560
4661.283203 85.580
4695.060547 85.597
4729.083008 85.591
4763.352051 85.656
4797.869141 85.640
4832.636719 85.684
4867.655762 85.753
4902.928711 85.787
4938.457520 85.850
4974.243652 85.955
5010.289062 85.946
5046.595703 86.052
5083.165527 86.104
5120.000000 86.179
5157.101562 86.302
5194.472168 86.394
5232.113281 86.523
5270.027344 86.611
5308.216309 86.760
5346.681641 86.867
5385.426270 87.088
5424.451172 87.271
5463.758789 87.437
5503.351562 87.668
5543.230957 87.896
5583.399414 88.150
5623.859375 88.396
5664.611816 88.676
5705.660156 88.949
5747.005859 89.170
5788.650879 89.403
5830.597656 89.571
5872.848633 89.686
5915.405762 89.703
5958.271484 89.678
6001.447266 89.552
6044.936523 89.351
6088.740234 89.111
6132.861816 88.853
6177.303223 88.559
6222.066406 88.257
6267.154297 87.971
6312.568359 87.703
6358.312012 87.486
6404.386719 87.304
6450.795898 87.123
6497.541016 86.982
6544.625000 86.908
6592.049805 86.852
6639.818359 86.854
6687.933594 86.872
6736.396973 86.877
6785.211426 86.943
6834.379883 87.049
6883.904785 87.177
6933.788574 87.257
6984.033691 87.428
7034.642578 87.635
7085.618652 87.855
7136.963867 88.079
7188.681152 88.310
7240.773438 88.529
7293.243164 88.766
7346.092773 89.019
7399.325684 89.305
7452.944336 89.531
7506.951172 89.753
7561.350098 90.024
7616.142578 90.175
7671.332031 90.338
7726.921875 90.367
7782.914551 90.388
7839.312500 90.366
7896.119629 90.254
7953.337891 90.080
8010.971191 89.832
8069.021973 89.457
8127.493164 89.037
8186.388672 88.675
8245.710938 88.233
8305.461914 87.782
8365.647461 87.318
8426.267578 86.853
8487.328125 86.384
8548.831055 86.031
8610.779297 85.560
8673.176758 85.184
8736.026367 84.761
8799.331055 84.413
8863.094727 84.089
8927.320312 83.804
8992.010742 83.486
9057.170898 83.160
9122.802734 82.923
9188.910156 82.732
9255.497070 82.573
9322.566406 82.366
9390.121094 82.138
9458.166016 82.020
9526.704102 81.844
9595.738281 81.836
9665.273438 81.731
9735.311523 81.582
9805.857422 81.412
9876.915039 81.330
9948.487305 81.266
10020.578125 81.053
10093.191406 80.908
10166.331055 80.658
10240.000000 80.535
10314.203125 80.305
10388.944336 80.075
10464.226562 79.837
10540.054688 79.693
10616.432617 79.482
10693.363281 79.299
10770.852539 79.027
10848.902344 78.747
10927.517578 78.588
11006.703125 78.255
11086.461914 78.224
11166.798828 77.934
11247.718750 77.810
11329.223633 77.750
11411.320312 77.672
11494.011719 77.461
11577.301758 77.397
11661.195312 77.428
11745.697266 77.343
11830.811523 77.205
11916.542969 77.290
12002.894531 77.263
12089.873047 77.226
12177.480469 77.315
12265.723633 77.473
12354.606445 77.470
12444.132812 77.475
12534.308594 77.599
12625.136719 77.703
12716.624023 77.747
12808.773438 77.691
12901.591797 77.755
12995.082031 77.692
13089.250000 77.781
13184.099609 77.823
13279.636719 77.473
13375.867188 77.284
13472.793945 77.081
13570.422852 76.665
13668.759766 76.351
13767.809570 76.221
13867.577148 75.780
13968.067383 75.406
14069.285156 75.199
14171.237305 75.234
14273.927734 74.958
14377.362305 74.907
14481.546875 74.865
14586.486328 74.459
14692.185547 74.486
14798.651367 74.360
14905.888672 74.014
15013.902344 73.892
15122.700195 73.633
15232.285156 73.532
15342.664062 73.464
15453.843750 73.644
15565.829102 73.771
15678.625000 73.815
15792.239258 73.971
15906.675781 74.045
16021.942383 74.029
16138.043945 74.454
16254.986328 74.993
16372.777344 75.476
16491.421875 76.234
16610.923828 76.645
16731.294922 77.567
16852.535156 78.075
16974.656250 78.838
17097.662109 79.315
17221.558594 79.550
17346.353516 79.384
17472.052734 78.727
17598.662109 77.776
17726.189453 76.797
17854.640625 75.933
17984.021484 75.079
18114.341797 74.075
18245.605469 73.593
18377.820312 72.810
18510.994141 71.902
18645.132812 71.925
18780.242188 70.443
18916.332031 70.548
19053.408203 70.150
19191.476562 69.099
19330.546875 68.862
19470.623047 68.653
19611.714844 68.073
19753.830078 68.460
19896.974609 68.524
