20.000000 86.377
20.144928 86.377
20.290907 86.379
20.437943 86.384
20.586044 86.390
20.735220 86.398
20.885475 86.406
21.036821 86.415
21.189262 86.423
21.342808 86.430
21.497467 86.436
21.653246 86.441
21.810154 86.445
21.968201 86.449
22.127390 86.453
22.287735 86.456
22.449242 86.459
22.611917 86.461
22.775772 86.463
22.940815 86.463
23.107054 86.461
23.274498 86.459
23.443153 86.456
23.613033 86.453
23.784142 86.451
23.956491 86.450
24.130091 86.452
24.304947 86.456
24.481071 86.462
24.658470 86.469
24.837156 86.476
25.017136 86.481
25.198421 86.484
25.381020 86.482
25.564941 86.477
25.750195 86.468
25.936790 86.458
26.124741 86.447
26.314051 86.438
26.504732 86.433
26.696796 86.433
26.890253 86.438
27.085112 86.448
27.281382 86.459
27.479073 86.472
27.678198 86.483
27.878765 86.491
28.080786 86.495
28.284271 86.497
28.489231 86.496
28.695675 86.495
28.903616 86.493
29.113064 86.493
29.324028 86.493
29.536524 86.494
29.750557 86.494
29.966141 86.493
30.183289 86.491
30.402010 86.487
30.622314 86.483
30.844217 86.479
31.067726 86.476
31.292856 86.475
31.519617 86.475
31.748020 86.476
31.978081 86.478
32.209808 86.478
32.443211 86.477
32.678310 86.474
32.915108 86.470
33.153625 86.465
33.393871 86.462
33.635857 86.462
33.879597 86.465
34.125103 86.471
34.372387 86.481
34.621464 86.494
34.872345 86.509
35.125042 86.523
35.379574 86.534
35.635948 86.541
35.894180 86.541
36.154285 86.536
36.416275 86.526
36.680161 86.512
36.945961 86.498
37.213688 86.486
37.483353 86.476
37.754974 86.469
38.028561 86.464
38.304131 86.460
38.581699 86.454
38.861279 86.448
39.142883 86.442
39.426529 86.438
39.712231 86.436
40.000000 86.437
40.289856 86.437
40.581814 86.434
40.875885 86.427
41.172089 86.415
41.470440 86.402
41.770950 86.391
42.073643 86.387
42.378525 86.388
42.685616 86.393
42.994934 86.395
43.306492 86.390
43.620308 86.379
43.936401 86.366
44.254780 86.358
44.575470 86.361
44.898483 86.376
45.223835 86.395
45.551544 86.410
45.881630 86.411
46.214108 86.398
46.548996 86.376
46.886307 86.355
47.226067 86.346
47.568283 86.350
47.912983 86.361
48.260181 86.366
48.609894 86.356
48.962143 86.334
49.316940 86.309
49.674313 86.297
50.034271 86.304
50.396843 86.326
50.762039 86.346
51.129883 86.349
51.500389 86.329
51.873581 86.296
52.249481 86.270
52.628101 86.264
53.009464 86.279
53.393593 86.297
53.780506 86.300
54.170223 86.283
54.562763 86.258
54.958145 86.244
55.356396 86.247
55.757530 86.260
56.161572 86.269
56.568542 86.265
56.978462 86.251
57.391350 86.237
57.807232 86.222
58.226128 86.206
58.648056 86.193
59.073048 86.193
59.501114 86.209
59.932281 86.219
60.366577 86.192
60.804020 86.118
61.244629 86.033
61.688435 86.000
62.135452 86.052
62.585712 86.151
63.039234 86.225
63.496040 86.229
63.956161 86.183
64.419617 86.135
64.886421 86.118
65.356621 86.121
65.830215 86.120
66.307251 86.109
66.787743 86.100
67.271713 86.101
67.759193 86.103
68.250206 86.093
68.744774 86.074
69.242928 86.055
69.744690 86.043
70.250084 86.040
70.759148 86.039
71.271896 86.028
71.788361 86.007
72.308571 85.986
72.832550 85.984
73.360321 85.990
73.891922 85.982
74.427376 85.959
74.966705 85.946
75.509949 85.961
76.057121 85.976
76.608261 85.958
77.163399 85.921
77.722557 85.903
78.285767 85.910
78.853058 85.911
79.424461 85.895
80.000000 85.883
80.579712 85.880
81.163628 85.865
81.751770 85.836
82.344177 85.819
82.940880 85.820
83.541901 85.812
84.147285 85.785
84.757050 85.770
85.371231 85.776
85.989868 85.772
86.612984 85.747
87.240616 85.731
87.872803 85.731
88.509560 85.722
89.150940 85.692
89.796967 85.663
90.447670 85.647
91.103088 85.635
91.763260 85.624
92.428215 85.612
93.097992 85.595
93.772614 85.576
94.452133 85.563
95.136566 85.553
95.825966 85.537
96.520363 85.520
97.219788 85.507
97.924286 85.498
98.633881 85.483
99.348625 85.456
100.068542 85.435
100.793686 85.432
101.524078 85.422
102.259766 85.401
103.000778 85.394
103.747162 85.384
104.498962 85.352
105.256203 85.337
106.018929 85.344
106.787186 85.336
107.561012 85.332
108.340446 85.333
109.125526 85.300
109.916290 85.263
110.712791 85.248
111.515060 85.228
112.323143 85.211
113.137085 85.195
113.956924 85.170
114.782700 85.183
115.614464 85.201
116.452255 85.160
117.296112 85.127
118.146095 85.126
119.002228 85.095
119.864563 85.056
120.733154 85.041
121.608040 85.005
122.489258 84.984
123.376869 85.003
124.270905 84.991
125.171425 84.966
126.078468 84.952
126.992081 84.924
127.912323 84.901
128.839233 84.869
129.772842 84.831
130.713242 84.792
131.660431 84.754
132.614502 84.757
133.575485 84.736
134.543427 84.700
135.518387 84.719
136.500412 84.698
137.489548 84.663
138.485855 84.637
139.489380 84.646
140.500168 84.633
141.518295 84.577
142.543793 84.685
143.576721 84.584
144.617142 84.491
145.665100 84.575
146.720642 84.496
147.783844 84.459
148.854752 84.455
149.933411 84.438
151.019897 84.431
152.114243 84.424
153.216522 84.393
154.326797 84.362
155.445114 84.334
156.571533 84.324
157.706116 84.321
158.848923 84.308
160.000000 84.279
161.159424 84.278
162.327255 84.241
163.503540 84.227
164.688354 84.214
165.881760 84.184
167.083801 84.173
168.294571 84.189
169.514099 84.144
170.742462 84.154
171.979736 84.120
173.225967 84.125
174.481232 84.102
175.745605 84.077
177.019119 84.039
178.301880 84.016
179.593933 83.982
180.895340 83.951
182.206177 83.945
183.526520 83.873
184.856430 83.817
186.195984 83.775
187.545227 83.735
188.904266 83.699
190.273132 83.671
191.651932 83.599
193.040726 83.559
194.439575 83.514
195.848572 83.543
197.267761 83.448
198.697250 83.446
200.137085 83.412
201.587372 83.393
203.048157 83.398
204.519531 83.381
206.001556 83.401
207.494324 83.377
208.997925 83.350
210.512405 83.338
212.037857 83.293
213.574371 83.290
215.122025 83.263
216.680893 83.232
218.251053 83.190
219.832581 83.199
221.425583 83.168
223.030121 83.153
224.646286 83.159
226.274170 83.133
227.913849 83.078
229.565399 83.051
231.228928 83.017
232.904510 82.969
234.592224 82.990
236.292191 82.926
238.004456 82.928
239.729126 82.885
241.466309 82.883
243.216080 82.831
244.978516 82.824
246.753738 82.771
248.541809 82.779
250.342850 82.732
252.156937 82.701
253.984161 82.686
255.824646 82.629
257.678467 82.654
259.545685 82.596
261.426483 82.565
263.320862 82.571
265.229004 82.526
267.150970 82.526
269.086853 82.457
271.036774 82.466
273.000824 82.433
274.979095 82.399
276.971710 82.391
278.978760 82.363
281.000336 82.352
283.036591 82.339
285.087585 82.283
287.153442 82.265
289.234283 82.190
291.330200 82.253
293.441284 82.235
295.567688 82.207
297.709503 82.166
299.866821 82.155
302.039795 82.137
304.228485 82.124
306.433044 82.061
308.653595 82.047
310.890228 82.008
313.143066 82.014
315.412231 81.995
317.697845 81.972
320.000000 81.935
322.318848 81.925
324.654510 81.895
327.007080 81.860
329.376709 81.834
331.763519 81.809
334.167603 81.797
336.589142 81.803
339.028198 81.737
341.484924 81.709
343.959473 81.691
346.451935 81.671
348.962463 81.649
351.491211 81.685
354.038239 81.621
356.603760 81.587
359.187866 81.562
361.790680 81.556
364.412354 81.528
367.053040 81.521
369.712860 81.500
372.391968 81.489
375.090454 81.490
377.808533 81.462
380.546265 81.452
383.303864 81.412
386.081451 81.399
388.879150 81.378
391.697144 81.376
394.535522 81.356
397.394501 81.329
400.274170 81.309
403.174744 81.281
406.096313 81.290
409.039062 81.242
412.003113 81.240
414.988647 81.227
417.995850 81.216
421.024811 81.197
424.075714 81.169
427.148743 81.127
430.244049 81.129
433.361786 81.109
436.502106 81.131
439.665161 81.068
442.851166 81.070
446.060242 81.049
449.292572 81.048
452.548340 81.018
455.827698 81.009
459.130798 80.968
462.457855 80.959
465.809021 80.966
469.184448 80.955
472.584381 80.947
476.008911 80.931
479.458252 80.912
482.932617 80.881
486.432159 80.881
489.957031 80.868
493.507477 80.849
497.083618 80.853
500.685699 80.845
504.313873 80.841
507.968323 80.830
511.649292 80.779
515.356934 80.785
519.091370 80.775
522.852966 80.747
526.641724 80.722
530.458008 80.715
534.301941 80.744
538.173706 80.718
542.073547 80.671
546.001648 80.664
549.958191 80.625
553.943420 80.650
557.957520 80.640
562.000671 80.612
566.073181 80.602
570.175171 80.563
574.306885 80.555
578.468567 80.553
582.660400 80.560
586.882568 80.572
591.135376 80.523
595.419006 80.557
599.733643 80.479
604.079590 80.483
608.456970 80.453
612.866089 80.505
617.307190 80.444
621.780457 80.478
626.286133 80.446
630.824463 80.431
635.395691 80.428
640.000000 80.439
644.637695 80.390
649.309021 80.417
654.014160 80.395
658.753418 80.393
663.527039 80.363
668.335205 80.380
673.178284 80.359
678.056396 80.364
682.969849 80.325
687.918945 80.347
692.903870 80.346
697.924927 80.319
702.982422 80.357
708.076477 80.323
713.207520 80.298
718.375732 80.324
723.581360 80.326
728.824707 80.313
734.106079 80.298
739.425720 80.318
744.783936 80.343
750.180908 80.345
755.617065 80.296
761.092529 80.302
766.607727 80.318
772.162903 80.374
777.758301 80.326
783.394287 80.323
789.071045 80.366
794.789001 80.362
800.548340 80.386
806.349487 80.392
812.192627 80.397
818.078125 80.383
824.006226 80.376
829.977295 80.393
835.991699 80.382
842.049622 80.436
848.151428 80.462
854.297485 80.422
860.488098 80.484
866.723572 80.476
873.004211 80.528
879.330322 80.529
885.702332 80.527
892.120483 80.601
898.585144 80.540
905.096680 80.590
911.655396 80.596
918.261597 80.640
924.915710 80.663
931.618042 80.708
938.368896 80.778
945.168762 80.799
952.017822 80.868
958.916504 80.886
965.865234 80.950
972.864319 81.019
979.914062 81.013
987.014954 81.058
994.167236 81.113
1001.371399 81.163
1008.627747 81.207
1015.936646 81.204
1023.298584 81.242
1030.713867 81.274
1038.182739 81.377
1045.705933 81.415
1053.283447 81.474
1060.916016 81.488
1068.603882 81.609
1076.347412 81.630
1084.147095 81.745
1092.003296 81.810
1099.916382 81.896
1107.886841 82.006
1115.915039 82.035
1124.001343 82.179
1132.146362 82.264
1140.350342 82.324
1148.613770 82.413
1156.937134 82.526
1165.320801 82.577
1173.765137 82.650
1182.270752 82.770
1190.838013 82.799
1199.467285 82.890
1208.159180 82.949
1216.913940 83.044
1225.732178 83.110
1234.614380 83.177
1243.560913 83.253
1252.572266 83.310
1261.648926 83.439
1270.791382 83.456
1280.000000 83.557
1289.275391 83.605
1298.618042 83.694
1308.028320 83.734
1317.506836 83.774
1327.054077 83.862
1336.670410 83.936
1346.356567 83.973
1356.112793 84.045
1365.939697 84.081
1375.837891 84.177
1385.807739 84.208
1395.849854 84.249
1405.964844 84.298
1416.152954 84.348
1426.415039 84.420
1436.751465 84.463
1447.162720 84.523
1457.649414 84.564
1468.212158 84.614
1478.851440 84.651
1489.567871 84.658
1500.361816 84.731
1511.234131 84.753
1522.185059 84.825
1533.215454 84.838
1544.325806 84.889
1555.516602 84.925
1566.788574 84.952
1578.142090 84.990
1589.578003 85.023
1601.096680 85.062
1612.698975 85.105
1624.385254 85.146
1636.156250 85.196
1648.012451 85.252
1659.954590 85.267
1671.983398 85.314
1684.099243 85.339
1696.302856 85.382
1708.594971 85.425
1720.976196 85.495
1733.447144 85.543
1746.008423 85.574
1758.660645 85.598
1771.404663 85.682
1784.240967 85.692
1797.170288 85.770
1810.193359 85.771
1823.310791 85.820
1836.523193 85.895
1849.831421 85.915
1863.236084 85.965
1876.737793 86.019
1890.337524 86.073
1904.035645 86.126
1917.833008 86.158
1931.730469 86.228
1945.728638 86.256
1959.828125 86.316
1974.029907 86.390
1988.334473 86.427
2002.742798 86.495
2017.255493 86.544
2031.873291 86.592
2046.597168 86.659
2061.427734 86.702
2076.365479 86.757
2091.411865 86.799
2106.566895 86.866
2121.832031 86.922
2137.207764 86.963
2152.694824 87.050
2168.294189 87.077
2184.006592 87.178
2199.832764 87.219
2215.773682 87.273
2231.830078 87.370
2248.002686 87.418
2264.292725 87.467
2280.700684 87.553
2297.227539 87.611
2313.874268 87.645
2330.641602 87.742
2347.530273 87.808
2364.541504 87.866
2381.676025 87.944
2398.934570 87.988
2416.318359 88.044
2433.827881 88.111
2451.464355 88.174
2469.228760 88.228
2487.121826 88.270
2505.144531 88.326
2523.297852 88.388
2541.582764 88.460
2560.000000 88.536
2578.550781 88.598
2597.236084 88.686
2616.056641 88.733
2635.013672 88.837
2654.108154 88.905
2673.340820 88.969
2692.713135 89.034
2712.225586 89.077
2731.879395 89.129
2751.675781 89.181
2771.615479 89.208
2791.699707 89.230
2811.929688 89.257
2832.305908 89.271
2852.830078 89.312
2873.502930 89.306
2894.325439 89.338
2915.298828 89.329
2936.424316 89.327
2957.702881 89.324
2979.135742 89.311
3000.723633 89.291
3022.468262 89.273
3044.370117 89.235
3066.430908 89.237
3088.651611 89.211
3111.033203 89.179
3133.577148 89.124
3156.284180 89.088
3179.156006 89.025
3202.193359 88.992
3225.397949 88.934
3248.770508 88.882
3272.312500 88.822
3296.024902 88.752
3319.909180 88.704
3343.966797 88.628
3368.198486 88.551
3392.605713 88.479
3417.189941 88.397
3441.952393 88.319
3466.894287 88.220
3492.016846 88.153
3517.321289 88.091
3542.809326 88.029
3568.481934 87.932
3594.340576 87.867
3620.386719 87.792
3646.621582 87.741
3673.046387 87.648
3699.662842 87.581
3726.472168 87.496
3753.475586 87.391
3780.675049 87.343
3808.071289 87.184
3835.666016 87.095
3863.460938 86.965
3891.457275 86.844
3919.656250 86.721
3948.059814 86.593
3976.668945 86.455
4005.485596 86.390
4034.510986 86.274
4063.746582 86.246
4093.194336 86.142
4122.855469 86.041
4152.730957 86.015
4182.823730 85.985
4213.133789 85.911
4243.664062 85.876
4274.415527 85.855
4305.389648 85.832
4336.588379 85.755
4368.013184 85.691
4399.665527 85.649
4431.547363 85.587
4463.660156 85.517
4496.005371 85.431
4528.585449 85.392
4561.401367 85.302
4594.455078 85.290
4627.748535 85.210
4661.283203 85.213
4695.060547 85.169
4729.083008 85.076
4763.352051 85.072
4797.869141 85.124
4832.636719 85.035
4867.655762 85.078
4902.928711 85.014
4938.457520 85.090
4974.243652 85.045
5010.289062 85.075
5046.595703 85.091
5083.165527 85.095
5120.000000 85.062
5157.101562 85.146
5194.472168 85.161
5232.113281 85.202
5270.027344 85.269
5308.216309 85.313
5346.681641 85.354
5385.426270 85.437
5424.451172 85.596
5463.758789 85.696
5503.351562 85.821
5543.230957 85.952
5583.399414 86.140
5623.859375 86.349
5664.611816 86.463
5705.660156 86.662
5747.005859 86.883
5788.650879 87.043
5830.597656 87.112
5872.848633 87.212
5915.405762 87.238
5958.271484 87.172
6001.447266 87.087
6044.936523 86.865
6088.740234 86.570
6132.861816 86.217
6177.303223 85.859
6222.066406 85.539
6267.154297 85.132
6312.568359 84.768
6358.312012 84.388
6404.386719 84.066
6450.795898 83.729
6497.541016 83.395
6544.625000 83.099
6592.049805 82.931
6639.818359 82.699
6687.933594 82.498
6736.396973 82.366
6785.211426 82.243
6834.379883 82.045
6883.904785 82.010
6933.788574 81.884
6984.033691 81.760
7034.642578 81.748
7085.618652 81.685
7136.963867 81.660
7188.681152 81.626
7240.773438 81.577
7293.243164 81.619
7346.092773 81.644
7399.325684 81.816
7452.944336 81.812
7506.951172 81.858
7561.350098 82.029
7616.142578 82.241
7671.332031 82.406
7726.921875 82.598
7782.914551 82.920
7839.312500 83.177
7896.119629 83.564
7953.337891 83.850
8010.971191 84.182
8069.021973 84.481
8127.493164 84.796
8186.388672 85.060
8245.710938 85.407
8305.461914 85.690
8365.647461 86.008
8426.267578 86.328
8487.328125 86.686
8548.831055 87.049
8610.779297 87.443
8673.176758 87.879
8736.026367 88.267
8799.331055 88.722
8863.094727 89.181
8927.320312 89.574
8992.010742 89.963
9057.170898 90.291
9122.802734 90.471
9188.910156 90.631
9255.497070 90.661
9322.566406 90.505
9390.121094 90.283
9458.166016 89.958
9526.704102 89.558
9595.738281 89.100
9665.273438 88.711
9735.311523 88.206
9805.857422 87.661
9876.915039 87.178
9948.487305 86.737
10020.578125 86.291
10093.191406 85.794
10166.331055 85.461
10240.000000 85.061
10314.203125 84.607
10388.944336 84.280
10464.226562 83.863
10540.054688 83.512
10616.432617 83.123
10693.363281 82.709
10770.852539 82.357
10848.902344 81.947
10927.517578 81.666
11006.703125 81.271
11086.461914 80.972
11166.798828 80.672
11247.718750 80.361
11329.223633 80.105
11411.320312 79.750
11494.011719 79.711
11577.301758 79.362
11661.195312 79.162
11745.697266 78.871
11830.811523 78.685
11916.542969 78.423
12002.894531 78.243
12089.873047 78.175
12177.480469 77.833
12265.723633 77.651
12354.606445 77.612
12444.132812 77.421
12534.308594 77.215
12625.136719 77.093
12716.624023 76.754
12808.773438 76.805
12901.591797 76.472
12995.082031 76.251
13089.250000 76.008
13184.099609 75.683
13279.636719 75.656
13375.867188 75.176
13472.793945 75.005
13570.422852 74.668
13668.759766 74.466
13767.809570 74.101
13867.577148 73.755
13968.067383 73.524
14069.285156 73.412
14171.237305 73.364
14273.927734 73.399
14377.362305 73.221
14481.546875 73.338
14586.486328 73.461
14692.185547 72.879
14798.651367 72.740
14905.888672 72.329
15013.902344 72.565
15122.700195 72.091
15232.285156 71.996
15342.664062 72.079
15453.843750 72.187
15565.829102 72.221
15678.625000 71.908
15792.239258 72.384
15906.675781 72.470
16021.942383 72.618
16138.043945 72.660
16254.986328 72.990
16372.777344 73.026
16491.421875 73.158
16610.923828 73.267
16731.294922 73.063
16852.535156 73.072
16974.656250 72.980
17097.662109 73.204
17221.558594 72.992
17346.353516 72.779
17472.052734 72.701
17598.662109 72.583
17726.189453 72.823
17854.640625 72.800
17984.021484 73.140
18114.341797 73.619
18245.605469 74.099
18377.820312 74.249
18510.994141 74.362
18645.132812 74.575
18780.242188 74.875
18916.332031 75.149
19053.408203 75.234
19191.476562 75.293
19330.546875 75.905
19470.623047 76.598
19611.714844 77.087
19753.830078 77.741
19896.974609 78.291
