20.000000 86.641
20.144928 86.674
20.290907 86.706
20.437943 86.737
20.586044 86.761
20.735220 86.776
20.885475 86.780
21.036821 86.772
21.189262 86.753
21.342808 86.723
21.497467 86.686
21.653246 86.648
21.810154 86.613
21.968201 86.586
22.127390 86.572
22.287735 86.574
22.449242 86.591
22.611917 86.623
22.775772 86.666
22.940815 86.713
23.107054 86.761
23.274498 86.802
23.443153 86.834
23.613033 86.852
23.784142 86.856
23.956491 86.849
24.130091 86.832
24.304947 86.812
24.481071 86.793
24.658470 86.782
24.837156 86.781
25.017136 86.792
25.198421 86.814
25.381020 86.844
25.564941 86.876
25.750195 86.906
25.936790 86.929
26.124741 86.942
26.314051 86.943
26.504732 86.934
26.696796 86.918
26.890253 86.900
27.085112 86.883
27.281382 86.871
27.479073 86.867
27.678198 86.869
27.878765 86.875
28.080786 86.883
28.284271 86.888
28.489231 86.887
28.695675 86.879
28.903616 86.864
29.113064 86.845
29.324028 86.826
29.536524 86.809
29.750557 86.798
29.966141 86.796
30.183289 86.802
30.402010 86.814
30.622314 86.831
30.844217 86.847
31.067726 86.861
31.292856 86.870
31.519617 86.873
31.748020 86.870
31.978081 86.863
32.209808 86.851
32.443211 86.838
32.678310 86.824
32.915108 86.810
33.153625 86.798
33.393871 86.787
33.635857 86.778
33.879597 86.771
34.125103 86.764
34.372387 86.759
34.621464 86.756
34.872345 86.755
35.125042 86.760
35.379574 86.770
35.635948 86.787
35.894180 86.810
36.154285 86.835
36.416275 86.858
36.680161 86.875
36.945961 86.882
37.213688 86.877
37.483353 86.862
37.754974 86.837
38.028561 86.807
38.304131 86.776
38.581699 86.746
38.861279 86.718
39.142883 86.694
39.426529 86.673
39.712231 86.658
40.000000 86.651
40.289856 86.654
40.581814 86.666
40.875885 86.683
41.172089 86.700
41.470440 86.710
41.770950 86.709
42.073643 86.697
42.378525 86.677
42.685616 86.656
42.994934 86.640
43.306492 86.633
43.620308 86.636
43.936401 86.644
44.254780 86.653
44.575470 86.657
44.898483 86.656
45.223835 86.651
45.551544 86.646
45.881630 86.645
46.214108 86.647
46.548996 86.649
46.886307 86.647
47.226067 86.636
47.568283 86.618
47.912983 86.597
48.260181 86.581
48.609894 86.574
48.962143 86.574
49.316940 86.577
49.674313 86.576
50.034271 86.567
50.396843 86.552
50.762039 86.535
51.129883 86.521
51.500389 86.511
51.873581 86.505
52.249481 86.500
52.628101 86.493
53.009464 86.488
53.393593 86.483
53.780506 86.480
54.170223 86.474
54.562763 86.464
54.958145 86.448
55.356396 86.430
55.757530 86.414
56.161572 86.402
56.568542 86.395
56.978462 86.389
57.391350 86.379
57.807232 86.363
58.226128 86.342
58.648056 86.322
59.073048 86.306
59.501114 86.295
59.932281 86.286
60.366577 86.276
60.804020 86.266
61.244629 86.259
61.688435 86.257
62.135452 86.255
62.585712 86.249
63.039234 86.235
63.496040 86.217
63.956161 86.204
64.419617 86.197
64.886421 86.190
65.356621 86.174
65.830215 86.150
66.307251 86.124
66.787743 86.104
67.271713 86.092
67.759193 86.082
68.250206 86.069
68.744774 86.051
69.242928 86.032
69.744690 86.014
70.250084 85.997
70.759148 85.984
71.271896 85.976
71.788361 85.969
72.308571 85.960
72.832550 85.949
73.360321 85.933
73.891922 85.910
74.427376 85.882
74.966705 85.857
75.509949 85.840
76.057121 85.825
76.608261 85.797
77.163399 85.759
77.722557 85.726
78.285767 85.707
78.853058 85.692
79.424461 85.673
80.000000 85.649
80.579712 85.628
81.163628 85.607
81.751770 85.585
82.344177 85.563
82.940880 85.542
83.541901 85.521
84.147285 85.504
84.757050 85.493
85.371231 85.483
85.989868 85.468
86.612984 85.453
87.240616 85.448
87.872803 85.452
88.509560 85.457
89.150940 85.455
89.796967 85.447
90.447670 85.438
91.103088 85.441
91.763260 85.453
92.428215 85.459
93.097992 85.449
93.772614 85.428
94.452133 85.410
95.136566 85.400
95.825966 85.389
96.520363 85.367
97.219788 85.343
97.924286 85.333
98.633881 85.332
99.348625 85.322
100.068542 85.303
100.793686 85.282
101.524078 85.259
102.259766 85.239
103.000778 85.225
103.747162 85.213
104.498962 85.197
105.256203 85.174
106.018929 85.149
106.787186 85.126
107.561012 85.109
108.340446 85.097
109.125526 85.085
109.916290 85.068
110.712791 85.047
111.515060 85.027
112.323143 85.003
113.137085 84.976
113.956924 84.948
114.782700 84.920
115.614464 84.894
116.452255 84.869
117.296112 84.839
118.146095 84.811
119.002228 84.794
119.864563 84.784
120.733154 84.771
121.608040 84.754
122.489258 84.733
123.376869 84.715
124.270905 84.690
125.171425 84.651
126.078468 84.612
126.992081 84.583
127.912323 84.560
128.839233 84.540
129.772842 84.518
130.713242 84.489
131.660431 84.456
132.614502 84.423
133.575485 84.392
134.543427 84.364
135.518387 84.343
136.500412 84.325
137.489548 84.305
138.485855 84.278
139.489380 84.239
140.500168 84.188
141.518295 84.133
142.543793 84.108
143.576721 84.120
144.617142 84.124
145.665100 84.105
146.720642 84.079
147.783844 84.055
148.854752 84.032
149.933411 84.010
151.019897 83.991
152.114243 83.974
153.216522 83.957
154.326797 83.940
155.445114 83.925
156.571533 83.911
157.706116 83.900
158.848923 83.892
160.000000 83.883
161.159424 83.873
162.327255 83.861
163.503540 83.849
164.688354 83.835
165.881760 83.820
167.083801 83.807
168.294571 83.797
169.514099 83.791
170.742462 83.785
171.979736 83.772
173.225967 83.752
174.481232 83.731
175.745605 83.710
177.019119 83.681
178.301880 83.644
179.593933 83.603
180.895340 83.559
182.206177 83.514
183.526520 83.469
184.856430 83.423
186.195984 83.377
187.545227 83.328
188.904266 83.277
190.273132 83.225
191.651932 83.179
193.040726 83.137
194.439575 83.099
195.848572 83.065
197.267761 83.037
198.697250 83.013
200.137085 82.991
201.587372 82.968
203.048157 82.946
204.519531 82.926
206.001556 82.907
207.494324 82.890
208.997925 82.873
210.512405 82.856
212.037857 82.836
213.574371 82.813
215.122025 82.787
216.680893 82.761
218.251053 82.732
219.832581 82.702
221.425583 82.671
223.030121 82.642
224.646286 82.614
226.274170 82.589
227.913849 82.563
229.565399 82.536
231.228928 82.510
232.904510 82.487
234.592224 82.463
236.292191 82.434
238.004456 82.402
239.729126 82.370
241.466309 82.337
243.216080 82.306
244.978516 82.276
246.753738 82.246
248.541809 82.218
250.342850 82.192
252.156937 82.166
253.984161 82.136
255.824646 82.105
257.678467 82.076
259.545685 82.052
261.426483 82.028
263.320862 82.001
265.229004 81.972
267.150970 81.942
269.086853 81.916
271.036774 81.894
273.000824 81.872
274.979095 81.844
276.971710 81.811
278.978760 81.781
281.000336 81.755
283.036591 81.731
285.087585 81.703
287.153442 81.670
289.234283 81.637
291.330200 81.610
293.441284 81.589
295.567688 81.569
297.709503 81.546
299.866821 81.518
302.039795 81.492
304.228485 81.472
306.433044 81.453
308.653595 81.433
310.890228 81.412
313.143066 81.391
315.412231 81.366
317.697845 81.335
320.000000 81.308
322.318848 81.289
324.654510 81.275
327.007080 81.259
329.376709 81.235
331.763519 81.207
334.167603 81.181
336.589142 81.158
339.028198 81.137
341.484924 81.116
343.959473 81.093
346.451935 81.068
348.962463 81.042
351.491211 81.014
354.038239 80.985
356.603760 80.959
359.187866 80.938
361.790680 80.919
364.412354 80.898
367.053040 80.874
369.712860 80.850
372.391968 80.827
375.090454 80.806
377.808533 80.784
380.546265 80.762
383.303864 80.741
386.081451 80.720
388.879150 80.701
391.697144 80.683
394.535522 80.665
397.394501 80.643
400.274170 80.616
403.174744 80.589
406.096313 80.569
409.039062 80.551
412.003113 80.529
414.988647 80.508
417.995850 80.491
421.024811 80.474
424.075714 80.449
427.148743 80.423
430.244049 80.402
433.361786 80.383
436.502106 80.364
439.665161 80.347
442.851166 80.332
446.060242 80.318
449.292572 80.305
452.548340 80.293
455.827698 80.279
459.130798 80.265
462.457855 80.249
465.809021 80.229
469.184448 80.208
472.584381 80.189
476.008911 80.172
479.458252 80.157
482.932617 80.142
486.432159 80.125
489.957031 80.110
493.507477 80.097
497.083618 80.084
500.685699 80.069
504.313873 80.053
507.968323 80.037
511.649292 80.018
515.356934 79.998
519.091370 79.976
522.852966 79.958
526.641724 79.939
530.458008 79.919
534.301941 79.897
538.173706 79.875
542.073547 79.852
546.001648 79.832
549.958191 79.815
553.943420 79.802
557.957520 79.787
562.000671 79.768
566.073181 79.749
570.175171 79.732
574.306885 79.715
578.468567 79.699
582.660400 79.683
586.882568 79.669
591.135376 79.658
595.419006 79.648
599.733643 79.638
604.079590 79.627
608.456970 79.616
612.866089 79.603
617.307190 79.590
621.780457 79.575
626.286133 79.557
630.824463 79.540
635.395691 79.529
640.000000 79.521
644.637695 79.510
649.309021 79.497
654.014160 79.489
658.753418 79.487
663.527039 79.481
668.335205 79.471
673.178284 79.460
678.056396 79.453
682.969849 79.447
687.918945 79.436
692.903870 79.419
697.924927 79.405
702.982422 79.398
708.076477 79.392
713.207520 79.386
718.375732 79.379
723.581360 79.370
728.824707 79.363
734.106079 79.361
739.425720 79.359
744.783936 79.352
750.180908 79.342
755.617065 79.336
761.092529 79.334
766.607727 79.332
772.162903 79.330
777.758301 79.330
783.394287 79.332
789.071045 79.332
794.789001 79.334
800.548340 79.335
806.349487 79.337
812.192627 79.341
818.078125 79.345
824.006226 79.346
829.977295 79.346
835.991699 79.346
842.049622 79.347
848.151428 79.350
854.297485 79.359
860.488098 79.372
866.723572 79.387
873.004211 79.397
879.330322 79.398
885.702332 79.395
892.120483 79.394
898.585144 79.398
905.096680 79.412
911.655396 79.435
918.261597 79.462
924.915710 79.490
931.618042 79.516
938.368896 79.540
945.168762 79.568
952.017822 79.603
958.916504 79.641
965.865234 79.678
972.864319 79.711
979.914062 79.744
987.014954 79.782
994.167236 79.819
1001.371399 79.849
1008.627747 79.878
1015.936646 79.913
1023.298584 79.953
1030.713867 79.999
1038.182739 80.050
1045.705933 80.102
1053.283447 80.158
1060.916016 80.219
1068.603882 80.283
1076.347412 80.348
1084.147095 80.417
1092.003296 80.495
1099.916382 80.581
1107.886841 80.670
1115.915039 80.761
1124.001343 80.853
1132.146362 80.943
1140.350342 81.031
1148.613770 81.118
1156.937134 81.199
1165.320801 81.276
1173.765137 81.351
1182.270752 81.422
1190.838013 81.489
1199.467285 81.554
1208.159180 81.618
1216.913940 81.682
1225.732178 81.744
1234.614380 81.804
1243.560913 81.861
1252.572266 81.916
1261.648926 81.970
1270.791382 82.023
1280.000000 82.080
1289.275391 82.139
1298.618042 82.195
1308.028320 82.249
1317.506836 82.302
1327.054077 82.355
1336.670410 82.407
1346.356567 82.457
1356.112793 82.503
1365.939697 82.543
1375.837891 82.579
1385.807739 82.615
1395.849854 82.650
1405.964844 82.685
1416.152954 82.719
1426.415039 82.753
1436.751465 82.783
1447.162720 82.810
1457.649414 82.837
1468.212158 82.865
1478.851440 82.890
1489.567871 82.915
1500.361816 82.941
1511.234131 82.967
1522.185059 82.996
1533.215454 83.027
1544.325806 83.057
1555.516602 83.084
1566.788574 83.108
1578.142090 83.132
1589.578003 83.157
1601.096680 83.183
1612.698975 83.208
1624.385254 83.235
1636.156250 83.263
1648.012451 83.290
1659.954590 83.315
1671.983398 83.340
1684.099243 83.365
1696.302856 83.390
1708.594971 83.419
1720.976196 83.448
1733.447144 83.475
1746.008423 83.500
1758.660645 83.526
1771.404663 83.554
1784.240967 83.580
1797.170288 83.605
1810.193359 83.631
1823.310791 83.657
1836.523193 83.683
1849.831421 83.710
1863.236084 83.738
1876.737793 83.768
1890.337524 83.802
1904.035645 83.840
1917.833008 83.885
1931.730469 83.937
1945.728638 83.993
1959.828125 84.051
1974.029907 84.111
1988.334473 84.171
2002.742798 84.230
2017.255493 84.286
2031.873291 84.338
2046.597168 84.386
2061.427734 84.428
2076.365479 84.470
2091.411865 84.510
2106.566895 84.548
2121.832031 84.583
2137.207764 84.619
2152.694824 84.656
2168.294189 84.695
2184.006592 84.733
2199.832764 84.770
2215.773682 84.808
2231.830078 84.847
2248.002686 84.887
2264.292725 84.928
2280.700684 84.969
2297.227539 85.013
2313.874268 85.059
2330.641602 85.111
2347.530273 85.171
2364.541504 85.237
2381.676025 85.311
2398.934570 85.388
2416.318359 85.466
2433.827881 85.543
2451.464355 85.617
2469.228760 85.684
2487.121826 85.746
2505.144531 85.802
2523.297852 85.855
2541.582764 85.907
2560.000000 85.958
2578.550781 86.011
2597.236084 86.066
2616.056641 86.126
2635.013672 86.192
2654.108154 86.267
2673.340820 86.347
2692.713135 86.434
2712.225586 86.528
2731.879395 86.626
2751.675781 86.723
2771.615479 86.814
2791.699707 86.896
2811.929688 86.969
2832.305908 87.030
2852.830078 87.082
2873.502930 87.125
2894.325439 87.163
2915.298828 87.194
2936.424316 87.219
2957.702881 87.239
2979.135742 87.254
3000.723633 87.264
3022.468262 87.271
3044.370117 87.275
3066.430908 87.279
3088.651611 87.281
3111.033203 87.281
3133.577148 87.278
3156.284180 87.269
3179.156006 87.256
3202.193359 87.244
3225.397949 87.229
3248.770508 87.209
3272.312500 87.184
3296.024902 87.156
3319.909180 87.124
3343.966797 87.088
3368.198486 87.046
3392.605713 86.999
3417.189941 86.948
3441.952393 86.893
3466.894287 86.838
3492.016846 86.781
3517.321289 86.719
3542.809326 86.652
3568.481934 86.581
3594.340576 86.505
3620.386719 86.421
3646.621582 86.324
3673.046387 86.212
3699.662842 86.086
3726.472168 85.950
3753.475586 85.807
3780.675049 85.661
3808.071289 85.519
3835.666016 85.388
3863.460938 85.271
3891.457275 85.167
3919.656250 85.073
3948.059814 84.985
3976.668945 84.904
4005.485596 84.831
4034.510986 84.765
4063.746582 84.701
4093.194336 84.641
4122.855469 84.587
4152.730957 84.539
4182.823730 84.494
4213.133789 84.451
4243.664062 84.410
4274.415527 84.369
4305.389648 84.329
4336.588379 84.291
4368.013184 84.254
4399.665527 84.219
4431.547363 84.186
4463.660156 84.155
4496.005371 84.128
4528.585449 84.105
4561.401367 84.086
4594.455078 84.071
4627.748535 84.061
4661.283203 84.054
4695.060547 84.050
4729.083008 84.051
4763.352051 84.058
4797.869141 84.071
4832.636719 84.091
4867.655762 84.116
4902.928711 84.149
4938.457520 84.190
4974.243652 84.240
5010.289062 84.296
5046.595703 84.358
5083.165527 84.427
5120.000000 84.505
5157.101562 84.592
5194.472168 84.690
5232.113281 84.800
5270.027344 84.923
5308.216309 85.063
5346.681641 85.220
5385.426270 85.393
5424.451172 85.584
5463.758789 85.794
5503.351562 86.021
5543.230957 86.265
5583.399414 86.520
5623.859375 86.783
5664.611816 87.048
5705.660156 87.309
5747.005859 87.553
5788.650879 87.762
5830.597656 87.918
5872.848633 88.007
5915.405762 88.019
5958.271484 87.946
6001.447266 87.788
6044.936523 87.550
6088.740234 87.249
6132.861816 86.901
6177.303223 86.524
6222.066406 86.138
6267.154297 85.761
6312.568359 85.404
6358.312012 85.076
6404.386719 84.782
6450.795898 84.527
6497.541016 84.314
6544.625000 84.144
6592.049805 84.014
6639.818359 83.923
6687.933594 83.867
6736.396973 83.845
6785.211426 83.856
6834.379883 83.899
6883.904785 83.973
6933.788574 84.077
6984.033691 84.207
7034.642578 84.366
7085.618652 84.551
7136.963867 84.762
7188.681152 85.000
7240.773438 85.263
7293.243164 85.552
7346.092773 85.864
7399.325684 86.198
7452.944336 86.557
7506.951172 86.952
7561.350098 87.379
7616.142578 87.822
7671.332031 88.262
7726.921875 88.693
7782.914551 89.111
7839.312500 89.497
7896.119629 89.822
7953.337891 90.058
8010.971191 90.180
8069.021973 90.180
8127.493164 90.068
8186.388672 89.859
8245.710938 89.563
8305.461914 89.188
8365.647461 88.753
8426.267578 88.280
8487.328125 87.788
8548.831055 87.285
8610.779297 86.782
8673.176758 86.289
8736.026367 85.813
8799.331055 85.358
8863.094727 84.924
8927.320312 84.511
8992.010742 84.118
9057.170898 83.746
9122.802734 83.398
9188.910156 83.071
9255.497070 82.763
9322.566406 82.476
9390.121094 82.207
9458.166016 81.952
9526.704102 81.715
9595.738281 81.493
9665.273438 81.283
9735.311523 81.083
9805.857422 80.890
9876.915039 80.699
9948.487305 80.508
10020.578125 80.313
10093.191406 80.117
10166.331055 79.921
10240.000000 79.727
10314.203125 79.529
10388.944336 79.324
10464.226562 79.111
10540.054688 78.895
10616.432617 78.678
10693.363281 78.459
10770.852539 78.241
10848.902344 78.027
10927.517578 77.816
11006.703125 77.609
11086.461914 77.405
11166.798828 77.205
11247.718750 77.014
11329.223633 76.832
11411.320312 76.654
11494.011719 76.484
11577.301758 76.325
11661.195312 76.170
11745.697266 76.009
11830.811523 75.844
11916.542969 75.674
12002.894531 75.501
12089.873047 75.338
12177.480469 75.196
12265.723633 75.079
12354.606445 74.973
12444.132812 74.860
12534.308594 74.732
12625.136719 74.590
12716.624023 74.440
12808.773438 74.286
12901.591797 74.130
12995.082031 73.965
13089.250000 73.785
13184.099609 73.582
13279.636719 73.345
13375.867188 73.076
13472.793945 72.791
13570.422852 72.506
13668.759766 72.242
13767.809570 71.998
13867.577148 71.783
13968.067383 71.633
14069.285156 71.587
14171.237305 71.636
14273.927734 71.743
14377.362305 71.875
14481.546875 71.990
14586.486328 72.048
14692.185547 72.058
14798.651367 72.061
14905.888672 72.067
15013.902344 72.065
15122.700195 72.049
15232.285156 72.026
15342.664062 72.005
15453.843750 71.995
15565.829102 71.995
15678.625000 72.000
15792.239258 72.010
15906.675781 72.047
16021.942383 72.154
16138.043945 72.361
16254.986328 72.663
16372.777344 73.039
16491.421875 73.463
16610.923828 73.914
16731.294922 74.405
16852.535156 74.950
16974.656250 75.539
17097.662109 76.163
17221.558594 76.806
17346.353516 77.425
17472.052734 77.946
17598.662109 78.286
17726.189453 78.373
17854.640625 78.176
17984.021484 77.719
18114.341797 77.065
18245.605469 76.280
18377.820312 75.419
18510.994141 74.531
18645.132812 73.656
18780.242188 72.820
18916.332031 72.036
19053.408203 71.315
19191.476562 70.666
19330.546875 70.078
19470.623047 69.538
19611.714844 69.055
19753.830078 68.636
19896.974609 68.342
