20.000000 86.845
20.144928 86.849
20.290907 86.852
20.437943 86.852
20.586044 86.850
20.735220 86.845
20.885475 86.838
21.036821 86.830
21.189262 86.822
21.342808 86.817
21.497467 86.815
21.653246 86.818
21.810154 86.826
21.968201 86.841
22.127390 86.860
22.287735 86.882
22.449242 86.907
22.611917 86.930
22.775772 86.951
22.940815 86.968
23.107054 86.979
23.274498 86.985
23.443153 86.986
23.613033 86.983
23.784142 86.978
23.956491 86.971
24.130091 86.966
24.304947 86.962
24.481071 86.962
24.658470 86.964
24.837156 86.969
25.017136 86.976
25.198421 86.983
25.381020 86.989
25.564941 86.994
25.750195 86.997
25.936790 86.998
26.124741 86.997
26.314051 86.996
26.504732 86.995
26.696796 86.997
26.890253 87.000
27.085112 87.005
27.281382 87.011
27.479073 87.017
27.678198 87.022
27.878765 87.025
28.080786 87.024
28.284271 87.019
28.489231 87.012
28.695675 87.002
28.903616 86.992
29.113064 86.983
29.324028 86.977
29.536524 86.973
29.750557 86.973
29.966141 86.976
30.183289 86.980
30.402010 86.984
30.622314 86.987
30.844217 86.989
31.067726 86.989
31.292856 86.988
31.519617 86.988
31.748020 86.987
31.978081 86.988
32.209808 86.989
32.443211 86.991
32.678310 86.993
32.915108 86.995
33.153625 86.996
33.393871 86.997
33.635857 86.996
33.879597 86.993
34.125103 86.989
34.372387 86.983
34.621464 86.972
34.872345 86.958
35.125042 86.941
35.379574 86.921
35.635948 86.902
35.894180 86.885
36.154285 86.876
36.416275 86.875
36.680161 86.883
36.945961 86.899
37.213688 86.920
37.483353 86.939
37.754974 86.953
38.028561 86.957
38.304131 86.948
38.581699 86.929
38.861279 86.902
39.142883 86.874
39.426529 86.852
39.712231 86.841
40.000000 86.844
40.289856 86.858
40.581814 86.877
40.875885 86.894
41.172089 86.902
41.470440 86.897
41.770950 86.882
42.073643 86.862
42.378525 86.842
42.685616 86.829
42.994934 86.823
43.306492 86.823
43.620308 86.824
43.936401 86.822
44.254780 86.816
44.575470 86.809
44.898483 86.805
45.223835 86.807
45.551544 86.813
45.881630 86.821
46.214108 86.823
46.548996 86.816
46.886307 86.800
47.226067 86.781
47.568283 86.762
47.912983 86.747
48.260181 86.736
48.609894 86.726
48.962143 86.715
49.316940 86.705
49.674313 86.699
50.034271 86.700
50.396843 86.706
50.762039 86.712
51.129883 86.713
51.500389 86.705
51.873581 86.691
52.249481 86.677
52.628101 86.668
53.009464 86.665
53.393593 86.663
53.780506 86.657
54.170223 86.645
54.562763 86.631
54.958145 86.619
55.356396 86.610
55.757530 86.602
56.161572 86.593
56.568542 86.582
56.978462 86.569
57.391350 86.559
57.807232 86.554
58.226128 86.551
58.648056 86.550
59.073048 86.549
59.501114 86.550
59.932281 86.550
60.366577 86.550
60.804020 86.547
61.244629 86.538
61.688435 86.522
62.135452 86.501
62.585712 86.478
63.039234 86.456
63.496040 86.439
63.956161 86.429
64.419617 86.425
64.886421 86.421
65.356621 86.413
65.830215 86.400
66.307251 86.387
66.787743 86.377
67.271713 86.370
67.759193 86.359
68.250206 86.343
68.744774 86.325
69.242928 86.312
69.744690 86.306
70.250084 86.306
70.759148 86.307
71.271896 86.305
71.788361 86.300
72.308571 86.288
72.832550 86.270
73.360321 86.250
73.891922 86.235
74.427376 86.228
74.966705 86.227
75.509949 86.221
76.057121 86.206
76.608261 86.185
77.163399 86.169
77.722557 86.158
78.285767 86.147
78.853058 86.129
79.424461 86.106
80.000000 86.086
80.579712 86.074
81.163628 86.067
81.751770 86.059
82.344177 86.044
82.940880 86.024
83.541901 86.001
84.147285 85.981
84.757050 85.966
85.371231 85.955
85.989868 85.940
86.612984 85.915
87.240616 85.883
87.872803 85.856
88.509560 85.845
89.150940 85.845
89.796967 85.840
90.447670 85.823
91.103088 85.800
91.763260 85.783
92.428215 85.773
93.097992 85.763
93.772614 85.745
94.452133 85.729
95.136566 85.724
95.825966 85.727
96.520363 85.729
97.219788 85.719
97.924286 85.699
98.633881 85.677
99.348625 85.654
100.068542 85.628
100.793686 85.600
101.524078 85.572
102.259766 85.548
103.000778 85.528
103.747162 85.510
104.498962 85.494
105.256203 85.485
106.018929 85.482
106.787186 85.474
107.561012 85.458
108.340446 85.444
109.125526 85.437
109.916290 85.427
110.712791 85.408
111.515060 85.389
112.323143 85.373
113.137085 85.356
113.956924 85.334
114.782700 85.315
115.614464 85.301
116.452255 85.285
117.296112 85.262
118.146095 85.242
119.002228 85.227
119.864563 85.212
120.733154 85.192
121.608040 85.166
122.489258 85.141
123.376869 85.120
124.270905 85.098
125.171425 85.071
126.078468 85.045
126.992081 85.028
127.912323 85.013
128.839233 84.994
129.772842 84.975
130.713242 84.957
131.660431 84.937
132.614502 84.912
133.575485 84.882
134.543427 84.849
135.518387 84.820
136.500412 84.795
137.489548 84.770
138.485855 84.745
139.489380 84.722
140.500168 84.706
141.518295 84.692
142.543793 84.669
143.576721 84.635
144.617142 84.602
145.665100 84.576
146.720642 84.553
147.783844 84.529
148.854752 84.502
149.933411 84.476
151.019897 84.450
152.114243 84.423
153.216522 84.396
154.326797 84.370
155.445114 84.344
156.571533 84.318
157.706116 84.291
158.848923 84.264
160.000000 84.241
161.159424 84.223
162.327255 84.207
163.503540 84.188
164.688354 84.169
165.881760 84.152
167.083801 84.139
168.294571 84.127
169.514099 84.120
170.742462 84.119
171.979736 84.123
173.225967 84.125
174.481232 84.121
175.745605 84.112
177.019119 84.100
178.301880 84.086
179.593933 84.069
180.895340 84.042
182.206177 84.004
183.526520 83.962
184.856430 83.920
186.195984 83.876
187.545227 83.829
188.904266 83.780
190.273132 83.735
191.651932 83.692
193.040726 83.650
194.439575 83.611
195.848572 83.575
197.267761 83.546
198.697250 83.524
200.137085 83.508
201.587372 83.495
203.048157 83.484
204.519531 83.473
206.001556 83.462
207.494324 83.451
208.997925 83.439
210.512405 83.423
212.037857 83.404
213.574371 83.386
215.122025 83.365
216.680893 83.338
218.251053 83.313
219.832581 83.292
221.425583 83.272
223.030121 83.250
224.646286 83.224
226.274170 83.193
227.913849 83.161
229.565399 83.134
231.228928 83.110
232.904510 83.087
234.592224 83.060
236.292191 83.027
238.004456 82.994
239.729126 82.965
241.466309 82.940
243.216080 82.916
244.978516 82.890
246.753738 82.862
248.541809 82.833
250.342850 82.804
252.156937 82.774
253.984161 82.743
255.824646 82.715
257.678467 82.689
259.545685 82.664
261.426483 82.641
263.320862 82.619
265.229004 82.595
267.150970 82.570
269.086853 82.542
271.036774 82.513
273.000824 82.485
274.979095 82.458
276.971710 82.431
278.978760 82.405
281.000336 82.379
283.036591 82.353
285.087585 82.328
287.153442 82.303
289.234283 82.277
291.330200 82.248
293.441284 82.222
295.567688 82.200
297.709503 82.178
299.866821 82.154
302.039795 82.126
304.228485 82.098
306.433044 82.072
308.653595 82.045
310.890228 82.018
313.143066 81.990
315.412231 81.964
317.697845 81.942
320.000000 81.923
322.318848 81.901
324.654510 81.878
327.007080 81.855
329.376709 81.831
331.763519 81.805
334.167603 81.779
336.589142 81.754
339.028198 81.730
341.484924 81.705
343.959473 81.678
346.451935 81.652
348.962463 81.630
351.491211 81.611
354.038239 81.591
356.603760 81.568
359.187866 81.545
361.790680 81.525
364.412354 81.503
367.053040 81.477
369.712860 81.451
372.391968 81.430
375.090454 81.411
377.808533 81.392
380.546265 81.376
383.303864 81.360
386.081451 81.340
388.879150 81.318
391.697144 81.294
394.535522 81.269
397.394501 81.245
400.274170 81.226
403.174744 81.210
406.096313 81.194
409.039062 81.174
412.003113 81.149
414.988647 81.124
417.995850 81.102
421.024811 81.083
424.075714 81.064
427.148743 81.047
430.244049 81.033
433.361786 81.014
436.502106 80.991
439.665161 80.966
442.851166 80.947
446.060242 80.933
449.292572 80.919
452.548340 80.904
455.827698 80.888
459.130798 80.871
462.457855 80.854
465.809021 80.842
469.184448 80.833
472.584381 80.822
476.008911 80.807
479.458252 80.791
482.932617 80.774
486.432159 80.756
489.957031 80.739
493.507477 80.722
497.083618 80.703
500.685699 80.685
504.313873 80.667
507.968323 80.648
511.649292 80.629
515.356934 80.610
519.091370 80.587
522.852966 80.561
526.641724 80.541
530.458008 80.530
534.301941 80.518
538.173706 80.498
542.073547 80.475
546.001648 80.457
549.958191 80.444
553.943420 80.430
557.957520 80.413
562.000671 80.394
566.073181 80.373
570.175171 80.353
574.306885 80.336
578.468567 80.324
582.660400 80.311
586.882568 80.294
591.135376 80.278
595.419006 80.262
599.733643 80.246
604.079590 80.234
608.456970 80.222
612.866089 80.209
617.307190 80.195
621.780457 80.183
626.286133 80.173
630.824463 80.163
635.395691 80.150
640.000000 80.137
644.637695 80.125
649.309021 80.116
654.014160 80.107
658.753418 80.095
663.527039 80.082
668.335205 80.069
673.178284 80.057
678.056396 80.049
682.969849 80.041
687.918945 80.028
692.903870 80.017
697.924927 80.012
702.982422 80.008
708.076477 79.998
713.207520 79.984
718.375732 79.972
723.581360 79.962
728.824707 79.955
734.106079 79.951
739.425720 79.948
744.783936 79.946
750.180908 79.944
755.617065 79.938
761.092529 79.928
766.607727 79.917
772.162903 79.911
777.758301 79.909
783.394287 79.907
789.071045 79.907
794.789001 79.912
800.548340 79.919
806.349487 79.922
812.192627 79.918
818.078125 79.913
824.006226 79.910
829.977295 79.907
835.991699 79.906
842.049622 79.909
848.151428 79.916
854.297485 79.928
860.488098 79.945
866.723572 79.965
873.004211 79.979
879.330322 79.982
885.702332 79.974
892.120483 79.967
898.585144 79.967
905.096680 79.979
911.655396 80.002
918.261597 80.033
924.915710 80.066
931.618042 80.093
938.368896 80.118
945.168762 80.149
952.017822 80.186
958.916504 80.222
965.865234 80.256
972.864319 80.290
979.914062 80.324
987.014954 80.361
994.167236 80.399
1001.371399 80.437
1008.627747 80.469
1015.936646 80.505
1023.298584 80.548
1030.713867 80.596
1038.182739 80.645
1045.705933 80.697
1053.283447 80.754
1060.916016 80.816
1068.603882 80.884
1076.347412 80.957
1084.147095 81.033
1092.003296 81.118
1099.916382 81.209
1107.886841 81.301
1115.915039 81.392
1124.001343 81.484
1132.146362 81.578
1140.350342 81.676
1148.613770 81.774
1156.937134 81.866
1165.320801 81.950
1173.765137 82.030
1182.270752 82.108
1190.838013 82.185
1199.467285 82.257
1208.159180 82.325
1216.913940 82.390
1225.732178 82.458
1234.614380 82.526
1243.560913 82.594
1252.572266 82.657
1261.648926 82.717
1270.791382 82.776
1280.000000 82.832
1289.275391 82.885
1298.618042 82.938
1308.028320 82.989
1317.506836 83.037
1327.054077 83.085
1336.670410 83.132
1346.356567 83.177
1356.112793 83.220
1365.939697 83.260
1375.837891 83.301
1385.807739 83.340
1395.849854 83.377
1405.964844 83.414
1416.152954 83.452
1426.415039 83.488
1436.751465 83.520
1447.162720 83.551
1457.649414 83.583
1468.212158 83.614
1478.851440 83.643
1489.567871 83.669
1500.361816 83.697
1511.234131 83.726
1522.185059 83.755
1533.215454 83.783
1544.325806 83.810
1555.516602 83.838
1566.788574 83.866
1578.142090 83.893
1589.578003 83.922
1601.096680 83.951
1612.698975 83.977
1624.385254 84.003
1636.156250 84.033
1648.012451 84.066
1659.954590 84.097
1671.983398 84.126
1684.099243 84.154
1696.302856 84.184
1708.594971 84.213
1720.976196 84.241
1733.447144 84.270
1746.008423 84.300
1758.660645 84.329
1771.404663 84.357
1784.240967 84.389
1797.170288 84.421
1810.193359 84.454
1823.310791 84.484
1836.523193 84.514
1849.831421 84.543
1863.236084 84.574
1876.737793 84.608
1890.337524 84.640
1904.035645 84.670
1917.833008 84.699
1931.730469 84.730
1945.728638 84.762
1959.828125 84.795
1974.029907 84.830
1988.334473 84.865
2002.742798 84.900
2017.255493 84.935
2031.873291 84.968
2046.597168 85.001
2061.427734 85.034
2076.365479 85.068
2091.411865 85.102
2106.566895 85.134
2121.832031 85.166
2137.207764 85.201
2152.694824 85.238
2168.294189 85.277
2184.006592 85.318
2199.832764 85.362
2215.773682 85.412
2231.830078 85.470
2248.002686 85.541
2264.292725 85.625
2280.700684 85.723
2297.227539 85.831
2313.874268 85.944
2330.641602 86.054
2347.530273 86.159
2364.541504 86.254
2381.676025 86.337
2398.934570 86.410
2416.318359 86.474
2433.827881 86.532
2451.464355 86.587
2469.228760 86.640
2487.121826 86.693
2505.144531 86.747
2523.297852 86.800
2541.582764 86.851
2560.000000 86.903
2578.550781 86.955
2597.236084 87.005
2616.056641 87.053
2635.013672 87.099
2654.108154 87.146
2673.340820 87.189
2692.713135 87.233
2712.225586 87.278
2731.879395 87.320
2751.675781 87.359
2771.615479 87.399
2791.699707 87.438
2811.929688 87.476
2832.305908 87.512
2852.830078 87.547
2873.502930 87.580
2894.325439 87.612
2915.298828 87.640
2936.424316 87.666
2957.702881 87.689
2979.135742 87.709
3000.723633 87.725
3022.468262 87.737
3044.370117 87.746
3066.430908 87.752
3088.651611 87.754
3111.033203 87.754
3133.577148 87.750
3156.284180 87.742
3179.156006 87.729
3202.193359 87.712
3225.397949 87.692
3248.770508 87.668
3272.312500 87.640
3296.024902 87.607
3319.909180 87.569
3343.966797 87.527
3368.198486 87.480
3392.605713 87.426
3417.189941 87.368
3441.952393 87.308
3466.894287 87.248
3492.016846 87.184
3517.321289 87.114
3542.809326 87.040
3568.481934 86.961
3594.340576 86.875
3620.386719 86.779
3646.621582 86.674
3673.046387 86.560
3699.662842 86.437
3726.472168 86.312
3753.475586 86.186
3780.675049 86.058
3808.071289 85.932
3835.666016 85.813
3863.460938 85.701
3891.457275 85.591
3919.656250 85.485
3948.059814 85.384
3976.668945 85.287
4005.485596 85.197
4034.510986 85.114
4063.746582 85.039
4093.194336 84.967
4122.855469 84.900
4152.730957 84.843
4182.823730 84.792
4213.133789 84.742
4243.664062 84.690
4274.415527 84.639
4305.389648 84.590
4336.588379 84.542
4368.013184 84.495
4399.665527 84.447
4431.547363 84.399
4463.660156 84.353
4496.005371 84.309
4528.585449 84.267
4561.401367 84.226
4594.455078 84.187
4627.748535 84.151
4661.283203 84.119
4695.060547 84.089
4729.083008 84.063
4763.352051 84.047
4797.869141 84.039
4832.636719 84.037
4867.655762 84.042
4902.928711 84.052
4938.457520 84.069
4974.243652 84.092
5010.289062 84.122
5046.595703 84.158
5083.165527 84.200
5120.000000 84.249
5157.101562 84.306
5194.472168 84.374
5232.113281 84.455
5270.027344 84.550
5308.216309 84.658
5346.681641 84.779
5385.426270 84.918
5424.451172 85.073
5463.758789 85.245
5503.351562 85.437
5543.230957 85.648
5583.399414 85.873
5623.859375 86.107
5664.611816 86.343
5705.660156 86.575
5747.005859 86.791
5788.650879 86.974
5830.597656 87.106
5872.848633 87.174
5915.405762 87.167
5958.271484 87.076
6001.447266 86.897
6044.936523 86.635
6088.740234 86.302
6132.861816 85.917
6177.303223 85.499
6222.066406 85.069
6267.154297 84.645
6312.568359 84.237
6358.312012 83.854
6404.386719 83.502
6450.795898 83.187
6497.541016 82.912
6544.625000 82.674
6592.049805 82.470
6639.818359 82.299
6687.933594 82.159
6736.396973 82.047
6785.211426 81.960
6834.379883 81.899
6883.904785 81.865
6933.788574 81.853
6984.033691 81.859
7034.642578 81.885
7085.618652 81.929
7136.963867 81.991
7188.681152 82.073
7240.773438 82.175
7293.243164 82.298
7346.092773 82.444
7399.325684 82.611
7452.944336 82.802
7506.951172 83.034
7561.350098 83.307
7616.142578 83.613
7671.332031 83.945
7726.921875 84.307
7782.914551 84.703
7839.312500 85.132
7896.119629 85.580
7953.337891 86.030
8010.971191 86.468
8069.021973 86.891
8127.493164 87.310
8186.388672 87.729
8245.710938 88.141
8305.461914 88.535
8365.647461 88.908
8426.267578 89.255
8487.328125 89.567
8548.831055 89.827
8610.779297 90.018
8673.176758 90.125
8736.026367 90.135
8799.331055 90.048
8863.094727 89.868
8927.320312 89.601
8992.010742 89.262
9057.170898 88.866
9122.802734 88.430
9188.910156 87.970
9255.497070 87.499
9322.566406 87.029
9390.121094 86.567
9458.166016 86.116
9526.704102 85.680
9595.738281 85.259
9665.273438 84.854
9735.311523 84.465
9805.857422 84.093
9876.915039 83.734
9948.487305 83.390
10020.578125 83.059
10093.191406 82.741
10166.331055 82.434
10240.000000 82.136
10314.203125 81.845
10388.944336 81.558
10464.226562 81.273
10540.054688 80.994
10616.432617 80.717
10693.363281 80.443
10770.852539 80.175
10848.902344 79.913
10927.517578 79.653
11006.703125 79.397
11086.461914 79.147
11166.798828 78.906
11247.718750 78.676
11329.223633 78.455
11411.320312 78.237
11494.011719 78.021
11577.301758 77.813
11661.195312 77.614
11745.697266 77.412
11830.811523 77.206
11916.542969 76.991
12002.894531 76.763
12089.873047 76.535
12177.480469 76.325
12265.723633 76.148
12354.606445 75.993
12444.132812 75.839
12534.308594 75.667
12625.136719 75.477
12716.624023 75.279
12808.773438 75.077
12901.591797 74.865
12995.082031 74.642
13089.250000 74.410
13184.099609 74.158
13279.636719 73.874
13375.867188 73.563
13472.793945 73.236
13570.422852 72.908
13668.759766 72.588
13767.809570 72.285
13867.577148 72.013
13968.067383 71.801
14069.285156 71.681
14171.237305 71.643
14273.927734 71.652
14377.362305 71.681
14481.546875 71.692
14586.486328 71.654
14692.185547 71.584
14798.651367 71.512
14905.888672 71.447
15013.902344 71.387
15122.700195 71.334
15232.285156 71.294
15342.664062 71.258
15453.843750 71.224
15565.829102 71.194
15678.625000 71.159
15792.239258 71.103
15906.675781 71.031
16021.942383 70.980
16138.043945 70.986
16254.986328 71.041
16372.777344 71.117
16491.421875 71.193
16610.923828 71.255
16731.294922 71.309
16852.535156 71.365
16974.656250 71.433
17097.662109 71.511
17221.558594 71.613
17346.353516 71.778
17472.052734 72.033
17598.662109 72.397
17726.189453 72.880
17854.640625 73.477
17984.021484 74.148
18114.341797 74.842
18245.605469 75.519
18377.820312 76.168
18510.994141 76.806
18645.132812 77.454
18780.242188 78.118
18916.332031 78.780
19053.408203 79.393
19191.476562 79.883
19330.546875 80.183
19470.623047 80.252
19611.714844 80.084
19753.830078 79.714
19896.974609 79.295
