20.000000 86.807
20.144928 86.814
20.290907 86.819
20.437943 86.824
20.586044 86.827
20.735220 86.830
20.885475 86.832
21.036821 86.833
21.189262 86.834
21.342808 86.835
21.497467 86.837
21.653246 86.839
21.810154 86.843
21.968201 86.849
22.127390 86.855
22.287735 86.862
22.449242 86.868
22.611917 86.874
22.775772 86.879
22.940815 86.881
23.107054 86.882
23.274498 86.881
23.443153 86.878
23.613033 86.873
23.784142 86.868
23.956491 86.863
24.130091 86.859
24.304947 86.855
24.481071 86.852
24.658470 86.851
24.837156 86.851
25.017136 86.852
25.198421 86.854
25.381020 86.856
25.564941 86.857
25.750195 86.858
25.936790 86.858
26.124741 86.858
26.314051 86.858
26.504732 86.859
26.696796 86.860
26.890253 86.862
27.085112 86.865
27.281382 86.869
27.479073 86.873
27.678198 86.876
27.878765 86.877
28.080786 86.877
28.284271 86.874
28.489231 86.869
28.695675 86.863
28.903616 86.856
29.113064 86.849
29.324028 86.843
29.536524 86.839
29.750557 86.836
29.966141 86.835
30.183289 86.835
30.402010 86.834
30.622314 86.833
30.844217 86.830
31.067726 86.826
31.292856 86.820
31.519617 86.812
31.748020 86.805
31.978081 86.799
32.209808 86.795
32.443211 86.794
32.678310 86.796
32.915108 86.800
33.153625 86.806
33.393871 86.811
33.635857 86.814
33.879597 86.815
34.125103 86.813
34.372387 86.807
34.621464 86.800
34.872345 86.793
35.125042 86.787
35.379574 86.784
35.635948 86.783
35.894180 86.785
36.154285 86.786
36.416275 86.784
36.680161 86.780
36.945961 86.772
37.213688 86.761
37.483353 86.749
37.754974 86.739
38.028561 86.732
38.304131 86.729
38.581699 86.728
38.861279 86.729
39.142883 86.728
39.426529 86.725
39.712231 86.719
40.000000 86.710
40.289856 86.701
40.581814 86.691
40.875885 86.683
41.172089 86.677
41.470440 86.673
41.770950 86.670
42.073643 86.666
42.378525 86.663
42.685616 86.659
42.994934 86.653
43.306492 86.647
43.620308 86.638
43.936401 86.628
44.254780 86.616
44.575470 86.604
44.898483 86.593
45.223835 86.585
45.551544 86.582
45.881630 86.582
46.214108 86.582
46.548996 86.578
46.886307 86.567
47.226067 86.548
47.568283 86.525
47.912983 86.508
48.260181 86.502
48.609894 86.510
48.962143 86.524
49.316940 86.531
49.674313 86.519
50.034271 86.486
50.396843 86.442
50.762039 86.402
51.129883 86.377
51.500389 86.370
51.873581 86.372
52.249481 86.370
52.628101 86.360
53.009464 86.346
53.393593 86.338
53.780506 86.339
54.170223 86.347
54.562763 86.352
54.958145 86.347
55.356396 86.333
55.757530 86.315
56.161572 86.298
56.568542 86.283
56.978462 86.271
57.391350 86.258
57.807232 86.246
58.226128 86.234
58.648056 86.218
59.073048 86.198
59.501114 86.173
59.932281 86.150
60.366577 86.133
60.804020 86.123
61.244629 86.117
61.688435 86.108
62.135452 86.094
62.585712 86.074
63.039234 86.048
63.496040 86.016
63.956161 85.983
64.419617 85.954
64.886421 85.934
65.356621 85.925
65.830215 85.922
66.307251 85.919
66.787743 85.910
67.271713 85.898
67.759193 85.889
68.250206 85.890
68.744774 85.903
69.242928 85.923
69.744690 85.939
70.250084 85.947
70.759148 85.948
71.271896 85.945
71.788361 85.941
72.308571 85.935
72.832550 85.927
73.360321 85.919
73.891922 85.910
74.427376 85.902
74.966705 85.893
75.509949 85.883
76.057121 85.869
76.608261 85.851
77.163399 85.830
77.722557 85.810
78.285767 85.790
78.853058 85.770
79.424461 85.752
80.000000 85.737
80.579712 85.723
81.163628 85.709
81.751770 85.697
82.344177 85.687
82.940880 85.672
83.541901 85.650
84.147285 85.628
84.757050 85.612
85.371231 85.600
85.989868 85.583
86.612984 85.559
87.240616 85.530
87.872803 85.504
88.509560 85.485
89.150940 85.475
89.796967 85.467
90.447670 85.454
91.103088 85.436
91.763260 85.417
92.428215 85.398
93.097992 85.376
93.772614 85.355
94.452133 85.340
95.136566 85.326
95.825966 85.302
96.520363 85.269
97.219788 85.244
97.924286 85.233
98.633881 85.221
99.348625 85.196
100.068542 85.165
100.793686 85.140
101.524078 85.121
102.259766 85.108
103.000778 85.095
103.747162 85.078
104.498962 85.057
105.256203 85.034
106.018929 85.009
106.787186 84.984
107.561012 84.962
108.340446 84.942
109.125526 84.919
109.916290 84.893
110.712791 84.868
111.515060 84.848
112.323143 84.830
113.137085 84.810
113.956924 84.789
114.782700 84.765
115.614464 84.737
116.452255 84.705
117.296112 84.674
118.146095 84.653
119.002228 84.645
119.864563 84.636
120.733154 84.614
121.608040 84.579
122.489258 84.541
123.376869 84.505
124.270905 84.476
125.171425 84.457
126.078468 84.440
126.992081 84.417
127.912323 84.395
128.839233 84.374
129.772842 84.351
130.713242 84.324
131.660431 84.299
132.614502 84.282
133.575485 84.270
134.543427 84.254
135.518387 84.231
136.500412 84.201
137.489548 84.168
138.485855 84.137
139.489380 84.115
140.500168 84.098
141.518295 84.078
142.543793 84.056
143.576721 84.037
144.617142 84.014
145.665100 83.986
146.720642 83.955
147.783844 83.925
148.854752 83.892
149.933411 83.860
151.019897 83.833
152.114243 83.812
153.216522 83.793
154.326797 83.771
155.445114 83.747
156.571533 83.721
157.706116 83.693
158.848923 83.666
160.000000 83.642
161.159424 83.619
162.327255 83.598
163.503540 83.575
164.688354 83.551
165.881760 83.529
167.083801 83.512
168.294571 83.493
169.514099 83.471
170.742462 83.450
171.979736 83.433
173.225967 83.420
174.481232 83.406
175.745605 83.385
177.019119 83.356
178.301880 83.322
179.593933 83.284
180.895340 83.237
182.206177 83.186
183.526520 83.139
184.856430 83.095
186.195984 83.052
187.545227 83.007
188.904266 82.955
190.273132 82.901
191.651932 82.850
193.040726 82.801
194.439575 82.758
195.848572 82.730
197.267761 82.711
198.697250 82.693
200.137085 82.670
201.587372 82.644
203.048157 82.621
204.519531 82.602
206.001556 82.585
207.494324 82.566
208.997925 82.545
210.512405 82.525
212.037857 82.505
213.574371 82.485
215.122025 82.465
216.680893 82.441
218.251053 82.413
219.832581 82.383
221.425583 82.354
223.030121 82.327
224.646286 82.300
226.274170 82.273
227.913849 82.247
229.565399 82.222
231.228928 82.196
232.904510 82.166
234.592224 82.137
236.292191 82.111
238.004456 82.089
239.729126 82.065
241.466309 82.036
243.216080 82.003
244.978516 81.972
246.753738 81.944
248.541809 81.918
250.342850 81.891
252.156937 81.864
253.984161 81.837
255.824646 81.808
257.678467 81.779
259.545685 81.750
261.426483 81.719
263.320862 81.685
265.229004 81.654
267.150970 81.628
269.086853 81.601
271.036774 81.573
273.000824 81.546
274.979095 81.519
276.971710 81.493
278.978760 81.464
281.000336 81.435
283.036591 81.406
285.087585 81.379
287.153442 81.356
289.234283 81.333
291.330200 81.310
293.441284 81.283
295.567688 81.251
297.709503 81.221
299.866821 81.196
302.039795 81.173
304.228485 81.148
306.433044 81.121
308.653595 81.095
310.890228 81.073
313.143066 81.051
315.412231 81.027
317.697845 81.001
320.000000 80.974
322.318848 80.948
324.654510 80.923
327.007080 80.901
329.376709 80.879
331.763519 80.856
334.167603 80.830
336.589142 80.803
339.028198 80.779
341.484924 80.756
343.959473 80.728
346.451935 80.699
348.962463 80.675
351.491211 80.656
354.038239 80.636
356.603760 80.613
359.187866 80.587
361.790680 80.564
364.412354 80.545
367.053040 80.528
369.712860 80.508
372.391968 80.485
375.090454 80.463
377.808533 80.448
380.546265 80.436
383.303864 80.422
386.081451 80.404
388.879150 80.385
391.697144 80.362
394.535522 80.336
397.394501 80.313
400.274170 80.295
403.174744 80.279
406.096313 80.264
409.039062 80.247
412.003113 80.227
414.988647 80.207
417.995850 80.186
421.024811 80.165
424.075714 80.144
427.148743 80.125
430.244049 80.107
433.361786 80.091
436.502106 80.079
439.665161 80.068
442.851166 80.051
446.060242 80.032
449.292572 80.012
452.548340 79.995
455.827698 79.977
459.130798 79.957
462.457855 79.939
465.809021 79.929
469.184448 79.919
472.584381 79.903
476.008911 79.885
479.458252 79.866
482.932617 79.847
486.432159 79.832
489.957031 79.818
493.507477 79.807
497.083618 79.791
500.685699 79.771
504.313873 79.754
507.968323 79.740
511.649292 79.724
515.356934 79.702
519.091370 79.677
522.852966 79.654
526.641724 79.634
530.458008 79.616
534.301941 79.601
538.173706 79.582
542.073547 79.562
546.001648 79.542
549.958191 79.523
553.943420 79.504
557.957520 79.487
562.000671 79.471
566.073181 79.455
570.175171 79.437
574.306885 79.418
578.468567 79.405
582.660400 79.396
586.882568 79.386
591.135376 79.377
595.419006 79.367
599.733643 79.351
604.079590 79.331
608.456970 79.314
612.866089 79.300
617.307190 79.290
621.780457 79.281
626.286133 79.273
630.824463 79.264
635.395691 79.255
640.000000 79.242
644.637695 79.224
649.309021 79.212
654.014160 79.207
658.753418 79.199
663.527039 79.191
668.335205 79.184
673.178284 79.174
678.056396 79.161
682.969849 79.148
687.918945 79.137
692.903870 79.131
697.924927 79.127
702.982422 79.121
708.076477 79.115
713.207520 79.110
718.375732 79.105
723.581360 79.097
728.824707 79.091
734.106079 79.090
739.425720 79.088
744.783936 79.081
750.180908 79.074
755.617065 79.070
761.092529 79.069
766.607727 79.065
772.162903 79.063
777.758301 79.065
783.394287 79.071
789.071045 79.072
794.789001 79.069
800.548340 79.066
806.349487 79.066
812.192627 79.070
818.078125 79.075
824.006226 79.077
829.977295 79.076
835.991699 79.077
842.049622 79.077
848.151428 79.079
854.297485 79.086
860.488098 79.098
866.723572 79.115
873.004211 79.132
879.330322 79.140
885.702332 79.140
892.120483 79.142
898.585144 79.152
905.096680 79.163
911.655396 79.174
918.261597 79.192
924.915710 79.220
931.618042 79.255
938.368896 79.290
945.168762 79.323
952.017822 79.355
958.916504 79.386
965.865234 79.417
972.864319 79.450
979.914062 79.489
987.014954 79.530
994.167236 79.571
1001.371399 79.608
1008.627747 79.638
1015.936646 79.665
1023.298584 79.697
1030.713867 79.737
1038.182739 79.781
1045.705933 79.830
1053.283447 79.887
1060.916016 79.948
1068.603882 80.010
1076.347412 80.076
1084.147095 80.148
1092.003296 80.229
1099.916382 80.314
1107.886841 80.397
1115.915039 80.482
1124.001343 80.574
1132.146362 80.667
1140.350342 80.756
1148.613770 80.843
1156.937134 80.924
1165.320801 81.000
1173.765137 81.075
1182.270752 81.150
1190.838013 81.222
1199.467285 81.288
1208.159180 81.352
1216.913940 81.420
1225.732178 81.487
1234.614380 81.549
1243.560913 81.603
1252.572266 81.655
1261.648926 81.710
1270.791382 81.764
1280.000000 81.809
1289.275391 81.852
1298.618042 81.897
1308.028320 81.942
1317.506836 81.984
1327.054077 82.023
1336.670410 82.057
1346.356567 82.092
1356.112793 82.130
1365.939697 82.165
1375.837891 82.198
1385.807739 82.230
1395.849854 82.262
1405.964844 82.291
1416.152954 82.316
1426.415039 82.341
1436.751465 82.367
1447.162720 82.392
1457.649414 82.415
1468.212158 82.435
1478.851440 82.454
1489.567871 82.471
1500.361816 82.488
1511.234131 82.505
1522.185059 82.522
1533.215454 82.541
1544.325806 82.562
1555.516602 82.584
1566.788574 82.613
1578.142090 82.655
1589.578003 82.709
1601.096680 82.776
1612.698975 82.852
1624.385254 82.934
1636.156250 83.013
1648.012451 83.083
1659.954590 83.145
1671.983398 83.201
1684.099243 83.250
1696.302856 83.289
1708.594971 83.322
1720.976196 83.353
1733.447144 83.386
1746.008423 83.417
1758.660645 83.444
1771.404663 83.469
1784.240967 83.494
1797.170288 83.521
1810.193359 83.549
1823.310791 83.576
1836.523193 83.603
1849.831421 83.630
1863.236084 83.659
1876.737793 83.691
1890.337524 83.726
1904.035645 83.760
1917.833008 83.793
1931.730469 83.830
1945.728638 83.871
1959.828125 83.918
1974.029907 83.966
1988.334473 84.019
2002.742798 84.078
2017.255493 84.139
2031.873291 84.199
2046.597168 84.258
2061.427734 84.311
2076.365479 84.361
2091.411865 84.411
2106.566895 84.461
2121.832031 84.508
2137.207764 84.557
2152.694824 84.607
2168.294189 84.656
2184.006592 84.703
2199.832764 84.749
2215.773682 84.795
2231.830078 84.842
2248.002686 84.891
2264.292725 84.940
2280.700684 84.989
2297.227539 85.040
2313.874268 85.091
2330.641602 85.140
2347.530273 85.187
2364.541504 85.235
2381.676025 85.286
2398.934570 85.338
2416.318359 85.391
2433.827881 85.446
2451.464355 85.504
2469.228760 85.568
2487.121826 85.640
2505.144531 85.722
2523.297852 85.812
2541.582764 85.909
2560.000000 86.009
2578.550781 86.108
2597.236084 86.202
2616.056641 86.289
2635.013672 86.369
2654.108154 86.442
2673.340820 86.509
2692.713135 86.569
2712.225586 86.625
2731.879395 86.677
2751.675781 86.725
2771.615479 86.771
2791.699707 86.814
2811.929688 86.856
2832.305908 86.897
2852.830078 86.936
2873.502930 86.972
2894.325439 87.005
2915.298828 87.034
2936.424316 87.063
2957.702881 87.089
2979.135742 87.110
3000.723633 87.126
3022.468262 87.138
3044.370117 87.147
3066.430908 87.154
3088.651611 87.157
3111.033203 87.157
3133.577148 87.152
3156.284180 87.140
3179.156006 87.117
3202.193359 87.083
3225.397949 87.039
3248.770508 86.981
3272.312500 86.907
3296.024902 86.817
3319.909180 86.710
3343.966797 86.591
3368.198486 86.460
3392.605713 86.321
3417.189941 86.184
3441.952393 86.055
3466.894287 85.937
3492.016846 85.828
3517.321289 85.730
3542.809326 85.642
3568.481934 85.567
3594.340576 85.506
3620.386719 85.452
3646.621582 85.401
3673.046387 85.354
3699.662842 85.308
3726.472168 85.263
3753.475586 85.217
3780.675049 85.171
3808.071289 85.129
3835.666016 85.089
3863.460938 85.049
3891.457275 85.003
3919.656250 84.952
3948.059814 84.898
3976.668945 84.845
4005.485596 84.794
4034.510986 84.747
4063.746582 84.702
4093.194336 84.662
4122.855469 84.628
4152.730957 84.601
4182.823730 84.579
4213.133789 84.561
4243.664062 84.547
4274.415527 84.534
4305.389648 84.523
4336.588379 84.512
4368.013184 84.501
4399.665527 84.488
4431.547363 84.477
4463.660156 84.470
4496.005371 84.467
4528.585449 84.466
4561.401367 84.467
4594.455078 84.469
4627.748535 84.472
4661.283203 84.479
4695.060547 84.494
4729.083008 84.516
4763.352051 84.545
4797.869141 84.578
4832.636719 84.615
4867.655762 84.663
4902.928711 84.722
4938.457520 84.787
4974.243652 84.856
5010.289062 84.932
5046.595703 85.017
5083.165527 85.112
5120.000000 85.217
5157.101562 85.334
5194.472168 85.459
5232.113281 85.598
5270.027344 85.752
5308.216309 85.923
5346.681641 86.112
5385.426270 86.320
5424.451172 86.546
5463.758789 86.792
5503.351562 87.056
5543.230957 87.336
5583.399414 87.630
5623.859375 87.931
5664.611816 88.232
5705.660156 88.521
5747.005859 88.788
5788.650879 89.014
5830.597656 89.181
5872.848633 89.276
5915.405762 89.289
5958.271484 89.219
6001.447266 89.065
6044.936523 88.836
6088.740234 88.550
6132.861816 88.227
6177.303223 87.888
6222.066406 87.548
6267.154297 87.225
6312.568359 86.930
6358.312012 86.670
6404.386719 86.451
6450.795898 86.275
6497.541016 86.144
6544.625000 86.058
6592.049805 86.014
6639.818359 86.010
6687.933594 86.046
6736.396973 86.119
6785.211426 86.225
6834.379883 86.362
6883.904785 86.526
6933.788574 86.713
6984.033691 86.922
7034.642578 87.151
7085.618652 87.394
7136.963867 87.647
7188.681152 87.907
7240.773438 88.165
7293.243164 88.413
7346.092773 88.643
7399.325684 88.844
7452.944336 89.009
7506.951172 89.141
7561.350098 89.236
7616.142578 89.276
7671.332031 89.251
7726.921875 89.166
7782.914551 89.037
7839.312500 88.872
7896.119629 88.668
7953.337891 88.421
8010.971191 88.126
8069.021973 87.785
8127.493164 87.416
8186.388672 87.036
8245.710938 86.648
8305.461914 86.247
8365.647461 85.841
8426.267578 85.441
8487.328125 85.056
8548.831055 84.685
8610.779297 84.329
8673.176758 83.990
8736.026367 83.672
8799.331055 83.378
8863.094727 83.107
8927.320312 82.858
8992.010742 82.631
9057.170898 82.422
9122.802734 82.230
9188.910156 82.054
9255.497070 81.897
9322.566406 81.760
9390.121094 81.640
9458.166016 81.533
9526.704102 81.440
9595.738281 81.361
9665.273438 81.292
9735.311523 81.228
9805.857422 81.165
9876.915039 81.100
9948.487305 81.028
10020.578125 80.946
10093.191406 80.854
10166.331055 80.756
10240.000000 80.653
10314.203125 80.540
10388.944336 80.420
10464.226562 80.292
10540.054688 80.152
10616.432617 80.002
10693.363281 79.842
10770.852539 79.671
10848.902344 79.489
10927.517578 79.299
11006.703125 79.106
11086.461914 78.914
11166.798828 78.721
11247.718750 78.529
11329.223633 78.338
11411.320312 78.146
11494.011719 77.955
11577.301758 77.770
11661.195312 77.587
11745.697266 77.398
11830.811523 77.200
11916.542969 76.992
12002.894531 76.770
12089.873047 76.542
12177.480469 76.327
12265.723633 76.133
12354.606445 75.946
12444.132812 75.743
12534.308594 75.514
12625.136719 75.264
12716.624023 74.999
12808.773438 74.718
12901.591797 74.422
12995.082031 74.119
13089.250000 73.806
13184.099609 73.477
13279.636719 73.125
13375.867188 72.752
13472.793945 72.373
13570.422852 72.008
13668.759766 71.672
13767.809570 71.366
13867.577148 71.104
13968.067383 70.915
14069.285156 70.838
14171.237305 70.866
14273.927734 70.964
14377.362305 71.087
14481.546875 71.176
14586.486328 71.198
14692.185547 71.177
14798.651367 71.149
14905.888672 71.122
15013.902344 71.092
15122.700195 71.052
15232.285156 71.022
15342.664062 71.036
15453.843750 71.106
15565.829102 71.227
15678.625000 71.401
15792.239258 71.639
15906.675781 71.961
16021.942383 72.414
16138.043945 73.026
16254.986328 73.787
16372.777344 74.659
16491.421875 75.587
16610.923828 76.510
16731.294922 77.349
16852.535156 78.010
16974.656250 78.396
17097.662109 78.425
17221.558594 78.068
17346.353516 77.365
17472.052734 76.423
17598.662109 75.381
17726.189453 74.360
17854.640625 73.448
17984.021484 72.665
18114.341797 71.974
18245.605469 71.328
18377.820312 70.700
18510.994141 70.094
18645.132812 69.526
18780.242188 69.025
18916.332031 68.590
19053.408203 68.215
19191.476562 67.900
19330.546875 67.634
19470.623047 67.415
19611.714844 67.233
19753.830078 67.074
19896.974609 66.952
