20.000000 86.267
20.144928 86.266
20.290907 86.268
20.437943 86.272
20.586044 86.281
20.735220 86.293
20.885475 86.307
21.036821 86.323
21.189262 86.339
21.342808 86.353
21.497467 86.365
21.653246 86.372
21.810154 86.374
21.968201 86.372
22.127390 86.365
22.287735 86.354
22.449242 86.340
22.611917 86.326
22.775772 86.313
22.940815 86.302
23.107054 86.295
23.274498 86.292
23.443153 86.295
23.613033 86.301
23.784142 86.313
23.956491 86.325
24.130091 86.339
24.304947 86.352
24.481071 86.363
24.658470 86.371
24.837156 86.375
25.017136 86.376
25.198421 86.375
25.381020 86.372
25.564941 86.368
25.750195 86.364
25.936790 86.361
26.124741 86.360
26.314051 86.361
26.504732 86.364
26.696796 86.369
26.890253 86.375
27.085112 86.381
27.281382 86.387
27.479073 86.391
27.678198 86.395
27.878765 86.396
28.080786 86.395
28.284271 86.394
28.489231 86.391
28.695675 86.387
28.903616 86.384
29.113064 86.381
29.324028 86.378
29.536524 86.375
29.750557 86.372
29.966141 86.369
30.183289 86.366
30.402010 86.362
30.622314 86.359
30.844217 86.356
31.067726 86.354
31.292856 86.352
31.519617 86.351
31.748020 86.349
31.978081 86.347
32.209808 86.345
32.443211 86.342
32.678310 86.341
32.915108 86.340
33.153625 86.342
33.393871 86.344
33.635857 86.346
33.879597 86.347
34.125103 86.344
34.372387 86.336
34.621464 86.324
34.872345 86.310
35.125042 86.297
35.379574 86.288
35.635948 86.286
35.894180 86.291
36.154285 86.302
36.416275 86.315
36.680161 86.327
36.945961 86.335
37.213688 86.337
37.483353 86.335
37.754974 86.329
38.028561 86.322
38.304131 86.314
38.581699 86.306
38.861279 86.296
39.142883 86.285
39.426529 86.272
39.712231 86.260
40.000000 86.251
40.289856 86.247
40.581814 86.247
40.875885 86.249
41.172089 86.250
41.470440 86.248
41.770950 86.242
42.073643 86.234
42.378525 86.225
42.685616 86.217
42.994934 86.208
43.306492 86.197
43.620308 86.184
43.936401 86.171
44.254780 86.162
44.575470 86.161
44.898483 86.169
45.223835 86.184
45.551544 86.199
45.881630 86.207
46.214108 86.205
46.548996 86.193
46.886307 86.176
47.226067 86.160
47.568283 86.150
47.912983 86.146
48.260181 86.149
48.609894 86.155
48.962143 86.163
49.316940 86.169
49.674313 86.170
50.034271 86.164
50.396843 86.149
50.762039 86.127
51.129883 86.102
51.500389 86.076
51.873581 86.054
52.249481 86.034
52.628101 86.020
53.009464 86.011
53.393593 86.010
53.780506 86.014
54.170223 86.018
54.562763 86.016
54.958145 86.006
55.356396 85.992
55.757530 85.982
56.161572 85.979
56.568542 85.983
56.978462 85.987
57.391350 85.983
57.807232 85.972
58.226128 85.959
58.648056 85.949
59.073048 85.943
59.501114 85.939
59.932281 85.933
60.366577 85.928
60.804020 85.932
61.244629 85.944
61.688435 85.953
62.135452 85.949
62.585712 85.925
63.039234 85.891
63.496040 85.866
63.956161 85.854
64.419617 85.852
64.886421 85.849
65.356621 85.839
65.830215 85.826
66.307251 85.812
66.787743 85.797
67.271713 85.781
67.759193 85.764
68.250206 85.743
68.744774 85.715
69.242928 85.687
69.744690 85.674
70.250084 85.681
70.759148 85.687
71.271896 85.665
71.788361 85.622
72.308571 85.596
72.832550 85.614
73.360321 85.644
73.891922 85.639
74.427376 85.590
74.966705 85.540
75.509949 85.527
76.057121 85.535
76.608261 85.531
77.163399 85.505
77.722557 85.478
78.285767 85.472
78.853058 85.486
79.424461 85.498
80.000000 85.485
80.579712 85.450
81.163628 85.421
81.751770 85.412
82.344177 85.408
82.940880 85.392
83.541901 85.375
84.147285 85.364
84.757050 85.352
85.371231 85.336
85.989868 85.326
86.612984 85.311
87.240616 85.282
87.872803 85.257
88.509560 85.254
89.150940 85.250
89.796967 85.227
90.447670 85.206
91.103088 85.191
91.763260 85.162
92.428215 85.122
93.097992 85.102
93.772614 85.103
94.452133 85.103
95.136566 85.088
95.825966 85.057
96.520363 85.024
97.219788 85.011
97.924286 85.013
98.633881 85.001
99.348625 84.967
100.068542 84.946
100.793686 84.948
101.524078 84.939
102.259766 84.907
103.000778 84.889
103.747162 84.893
104.498962 84.878
105.256203 84.858
106.018929 84.869
106.787186 84.870
107.561012 84.826
108.340446 84.785
109.125526 84.771
109.916290 84.755
110.712791 84.743
111.515060 84.739
112.323143 84.721
113.137085 84.693
113.956924 84.671
114.782700 84.647
115.614464 84.639
116.452255 84.649
117.296112 84.629
118.146095 84.598
119.002228 84.592
119.864563 84.557
120.733154 84.523
121.608040 84.521
122.489258 84.485
123.376869 84.464
124.270905 84.460
125.171425 84.404
126.078468 84.383
126.992081 84.402
127.912323 84.384
128.839233 84.349
129.772842 84.321
130.713242 84.311
131.660431 84.285
132.614502 84.242
133.575485 84.218
134.543427 84.204
135.518387 84.180
136.500412 84.152
137.489548 84.154
138.485855 84.133
139.489380 84.090
140.500168 84.076
141.518295 84.091
142.543793 84.124
143.576721 84.113
144.617142 83.997
145.665100 83.914
146.720642 83.957
147.783844 83.938
148.854752 83.898
149.933411 83.887
151.019897 83.857
152.114243 83.810
153.216522 83.784
154.326797 83.775
155.445114 83.757
156.571533 83.740
157.706116 83.701
158.848923 83.698
160.000000 83.691
161.159424 83.653
162.327255 83.641
163.503540 83.612
164.688354 83.575
165.881760 83.559
167.083801 83.563
168.294571 83.523
169.514099 83.503
170.742462 83.503
171.979736 83.498
173.225967 83.472
174.481232 83.450
175.745605 83.430
177.019119 83.400
178.301880 83.366
179.593933 83.352
180.895340 83.286
182.206177 83.269
183.526520 83.187
184.856430 83.130
186.195984 83.066
187.545227 83.045
188.904266 82.983
190.273132 82.953
191.651932 82.918
193.040726 82.852
194.439575 82.809
195.848572 82.747
197.267761 82.705
198.697250 82.718
200.137085 82.685
201.587372 82.659
203.048157 82.686
204.519531 82.648
206.001556 82.639
207.494324 82.650
208.997925 82.615
210.512405 82.616
212.037857 82.590
213.574371 82.579
215.122025 82.551
216.680893 82.544
218.251053 82.494
219.832581 82.476
221.425583 82.448
223.030121 82.420
224.646286 82.363
226.274170 82.356
227.913849 82.347
229.565399 82.330
231.228928 82.308
232.904510 82.281
234.592224 82.246
236.292191 82.235
238.004456 82.194
239.729126 82.184
241.466309 82.162
243.216080 82.118
244.978516 82.095
246.753738 82.077
248.541809 82.033
250.342850 82.070
252.156937 82.012
253.984161 82.010
255.824646 81.944
257.678467 81.940
259.545685 81.899
261.426483 81.893
263.320862 81.852
265.229004 81.849
267.150970 81.815
269.086853 81.778
271.036774 81.759
273.000824 81.712
274.979095 81.699
276.971710 81.689
278.978760 81.658
281.000336 81.646
283.036591 81.612
285.087585 81.563
287.153442 81.549
289.234283 81.517
291.330200 81.488
293.441284 81.498
295.567688 81.462
297.709503 81.418
299.866821 81.381
302.039795 81.383
304.228485 81.365
306.433044 81.331
308.653595 81.298
310.890228 81.294
313.143066 81.268
315.412231 81.242
317.697845 81.211
320.000000 81.154
322.318848 81.139
324.654510 81.128
327.007080 81.105
329.376709 81.107
331.763519 81.055
334.167603 81.044
336.589142 81.029
339.028198 81.002
341.484924 80.985
343.959473 80.951
346.451935 80.954
348.962463 80.924
351.491211 80.868
354.038239 80.869
356.603760 80.895
359.187866 80.848
361.790680 80.822
364.412354 80.781
367.053040 80.801
369.712860 80.803
372.391968 80.760
375.090454 80.712
377.808533 80.680
380.546265 80.647
383.303864 80.669
386.081451 80.653
388.879150 80.600
391.697144 80.583
394.535522 80.561
397.394501 80.552
400.274170 80.539
403.174744 80.547
406.096313 80.511
409.039062 80.469
412.003113 80.472
414.988647 80.433
417.995850 80.449
421.024811 80.412
424.075714 80.420
427.148743 80.383
430.244049 80.394
433.361786 80.395
436.502106 80.342
439.665161 80.320
442.851166 80.302
446.060242 80.314
449.292572 80.298
452.548340 80.269
455.827698 80.252
459.130798 80.257
462.457855 80.226
465.809021 80.253
469.184448 80.223
472.584381 80.179
476.008911 80.183
479.458252 80.182
482.932617 80.167
486.432159 80.144
489.957031 80.131
493.507477 80.136
497.083618 80.130
500.685699 80.129
504.313873 80.092
507.968323 80.087
511.649292 80.084
515.356934 80.060
519.091370 80.018
522.852966 80.016
526.641724 80.014
530.458008 80.008
534.301941 79.968
538.173706 79.952
542.073547 79.944
546.001648 79.946
549.958191 79.939
553.943420 79.909
557.957520 79.906
562.000671 79.882
566.073181 79.857
570.175171 79.855
574.306885 79.819
578.468567 79.840
582.660400 79.831
586.882568 79.787
591.135376 79.782
595.419006 79.805
599.733643 79.756
604.079590 79.782
608.456970 79.813
612.866089 79.742
617.307190 79.777
621.780457 79.759
626.286133 79.727
630.824463 79.736
635.395691 79.692
640.000000 79.673
644.637695 79.710
649.309021 79.673
654.014160 79.682
658.753418 79.662
663.527039 79.675
668.335205 79.676
673.178284 79.640
678.056396 79.614
682.969849 79.640
687.918945 79.563
692.903870 79.641
697.924927 79.621
702.982422 79.649
708.076477 79.637
713.207520 79.649
718.375732 79.638
723.581360 79.612
728.824707 79.631
734.106079 79.617
739.425720 79.616
744.783936 79.644
750.180908 79.666
755.617065 79.658
761.092529 79.599
766.607727 79.633
772.162903 79.636
777.758301 79.645
783.394287 79.668
789.071045 79.679
794.789001 79.675
800.548340 79.734
806.349487 79.678
812.192627 79.703
818.078125 79.718
824.006226 79.744
829.977295 79.743
835.991699 79.746
842.049622 79.770
848.151428 79.784
854.297485 79.810
860.488098 79.821
866.723572 79.860
873.004211 79.858
879.330322 79.881
885.702332 79.896
892.120483 79.898
898.585144 79.916
905.096680 79.911
911.655396 79.963
918.261597 79.997
924.915710 80.026
931.618042 80.067
938.368896 80.103
945.168762 80.148
952.017822 80.222
958.916504 80.261
965.865234 80.294
972.864319 80.339
979.914062 80.372
987.014954 80.398
994.167236 80.432
1001.371399 80.440
1008.627747 80.496
1015.936646 80.539
1023.298584 80.586
1030.713867 80.651
1038.182739 80.617
1045.705933 80.721
1053.283447 80.744
1060.916016 80.812
1068.603882 80.900
1076.347412 80.970
1084.147095 81.034
1092.003296 81.076
1099.916382 81.163
1107.886841 81.259
1115.915039 81.342
1124.001343 81.441
1132.146362 81.524
1140.350342 81.611
1148.613770 81.697
1156.937134 81.760
1165.320801 81.826
1173.765137 81.901
1182.270752 82.017
1190.838013 82.061
1199.467285 82.105
1208.159180 82.209
1216.913940 82.291
1225.732178 82.330
1234.614380 82.372
1243.560913 82.487
1252.572266 82.546
1261.648926 82.615
1270.791382 82.660
1280.000000 82.738
1289.275391 82.740
1298.618042 82.874
1308.028320 82.887
1317.506836 82.959
1327.054077 83.005
1336.670410 83.093
1346.356567 83.110
1356.112793 83.196
1365.939697 83.273
1375.837891 83.292
1385.807739 83.332
1395.849854 83.356
1405.964844 83.451
1416.152954 83.485
1426.415039 83.507
1436.751465 83.568
1447.162720 83.610
1457.649414 83.638
1468.212158 83.700
1478.851440 83.741
1489.567871 83.790
1500.361816 83.835
1511.234131 83.864
1522.185059 83.880
1533.215454 83.935
1544.325806 83.967
1555.516602 83.973
1566.788574 84.070
1578.142090 84.092
1589.578003 84.165
1601.096680 84.152
1612.698975 84.235
1624.385254 84.240
1636.156250 84.293
1648.012451 84.334
1659.954590 84.376
1671.983398 84.389
1684.099243 84.446
1696.302856 84.499
1708.594971 84.534
1720.976196 84.551
1733.447144 84.640
1746.008423 84.637
1758.660645 84.703
1771.404663 84.756
1784.240967 84.774
1797.170288 84.829
1810.193359 84.873
1823.310791 84.940
1836.523193 84.951
1849.831421 84.992
1863.236084 85.055
1876.737793 85.121
1890.337524 85.136
1904.035645 85.194
1917.833008 85.234
1931.730469 85.255
1945.728638 85.331
1959.828125 85.371
1974.029907 85.399
1988.334473 85.489
2002.742798 85.524
2017.255493 85.561
2031.873291 85.607
2046.597168 85.660
2061.427734 85.722
2076.365479 85.741
2091.411865 85.837
2106.566895 85.898
2121.832031 85.952
2137.207764 86.044
2152.694824 86.153
2168.294189 86.239
2184.006592 86.378
2199.832764 86.459
2215.773682 86.579
2231.830078 86.668
2248.002686 86.735
2264.292725 86.823
2280.700684 86.892
2297.227539 86.970
2313.874268 87.010
2330.641602 87.080
2347.530273 87.158
2364.541504 87.213
2381.676025 87.253
2398.934570 87.320
2416.318359 87.374
2433.827881 87.400
2451.464355 87.484
2469.228760 87.571
2487.121826 87.612
2505.144531 87.672
2523.297852 87.717
2541.582764 87.776
2560.000000 87.832
2578.550781 87.874
2597.236084 87.944
2616.056641 88.018
2635.013672 88.089
2654.108154 88.115
2673.340820 88.161
2692.713135 88.209
2712.225586 88.249
2731.879395 88.279
2751.675781 88.326
2771.615479 88.354
2791.699707 88.361
2811.929688 88.393
2832.305908 88.425
2852.830078 88.491
2873.502930 88.515
2894.325439 88.542
2915.298828 88.563
2936.424316 88.605
2957.702881 88.630
2979.135742 88.638
3000.723633 88.637
3022.468262 88.606
3044.370117 88.619
3066.430908 88.616
3088.651611 88.594
3111.033203 88.567
3133.577148 88.526
3156.284180 88.492
3179.156006 88.464
3202.193359 88.431
3225.397949 88.366
3248.770508 88.312
3272.312500 88.251
3296.024902 88.160
3319.909180 88.136
3343.966797 88.057
3368.198486 87.995
3392.605713 87.891
3417.189941 87.822
3441.952393 87.733
3466.894287 87.678
3492.016846 87.581
3517.321289 87.517
3542.809326 87.432
3568.481934 87.342
3594.340576 87.302
3620.386719 87.187
3646.621582 87.122
3673.046387 87.042
3699.662842 86.962
3726.472168 86.858
3753.475586 86.730
3780.675049 86.630
3808.071289 86.518
3835.666016 86.393
3863.460938 86.291
3891.457275 86.166
3919.656250 86.056
3948.059814 85.929
3976.668945 85.776
4005.485596 85.692
4034.510986 85.645
4063.746582 85.550
4093.194336 85.475
4122.855469 85.414
4152.730957 85.365
4182.823730 85.318
4213.133789 85.314
4243.664062 85.231
4274.415527 85.220
4305.389648 85.176
4336.588379 85.201
4368.013184 85.187
4399.665527 85.163
4431.547363 85.098
4463.660156 85.133
4496.005371 85.095
4528.585449 85.080
4561.401367 85.031
4594.455078 85.028
4627.748535 84.977
4661.283203 84.951
4695.060547 84.959
4729.083008 85.011
4763.352051 84.956
4797.869141 84.970
4832.636719 84.984
4867.655762 84.957
4902.928711 84.988
4938.457520 85.018
4974.243652 85.016
5010.289062 85.147
5046.595703 85.099
5083.165527 85.190
5120.000000 85.224
5157.101562 85.283
5194.472168 85.366
5232.113281 85.422
5270.027344 85.535
5308.216309 85.620
5346.681641 85.703
5385.426270 85.904
5424.451172 85.999
5463.758789 86.206
5503.351562 86.333
5543.230957 86.492
5583.399414 86.768
5623.859375 86.907
5664.611816 87.191
5705.660156 87.416
5747.005859 87.624
5788.650879 87.818
5830.597656 87.950
5872.848633 88.074
5915.405762 88.169
5958.271484 88.115
6001.447266 88.061
6044.936523 87.885
6088.740234 87.673
6132.861816 87.327
6177.303223 87.040
6222.066406 86.689
6267.154297 86.389
6312.568359 85.998
6358.312012 85.758
6404.386719 85.466
6450.795898 85.188
6497.541016 85.005
6544.625000 84.757
6592.049805 84.657
6639.818359 84.469
6687.933594 84.333
6736.396973 84.277
6785.211426 84.155
6834.379883 84.128
6883.904785 84.157
6933.788574 84.153
6984.033691 84.125
7034.642578 84.186
7085.618652 84.299
7136.963867 84.426
7188.681152 84.535
7240.773438 84.699
7293.243164 84.888
7346.092773 85.095
7399.325684 85.394
7452.944336 85.562
7506.951172 85.871
7561.350098 86.281
7616.142578 86.656
7671.332031 87.081
7726.921875 87.486
7782.914551 87.979
7839.312500 88.494
7896.119629 89.031
7953.337891 89.566
8010.971191 90.054
8069.021973 90.415
8127.493164 90.754
8186.388672 90.993
8245.710938 91.140
8305.461914 91.148
8365.647461 91.017
8426.267578 90.757
8487.328125 90.438
8548.831055 90.032
8610.779297 89.552
8673.176758 89.016
8736.026367 88.475
8799.331055 87.931
8863.094727 87.372
8927.320312 86.867
8992.010742 86.308
9057.170898 85.798
9122.802734 85.356
9188.910156 84.887
9255.497070 84.447
9322.566406 84.059
9390.121094 83.680
9458.166016 83.340
9526.704102 83.055
9595.738281 82.638
9665.273438 82.374
9735.311523 82.076
9805.857422 81.817
9876.915039 81.489
9948.487305 81.319
10020.578125 80.931
10093.191406 80.651
10166.331055 80.442
10240.000000 80.173
10314.203125 79.819
10388.944336 79.542
10464.226562 79.249
10540.054688 78.956
10616.432617 78.745
10693.363281 78.297
10770.852539 78.129
10848.902344 77.825
10927.517578 77.594
11006.703125 77.427
11086.461914 76.942
11166.798828 76.653
11247.718750 76.440
11329.223633 76.393
11411.320312 76.170
11494.011719 75.946
11577.301758 75.796
11661.195312 75.655
11745.697266 75.580
11830.811523 75.451
11916.542969 75.367
12002.894531 75.155
12089.873047 75.188
12177.480469 74.930
12265.723633 75.149
12354.606445 75.038
12444.132812 75.199
12534.308594 75.070
12625.136719 74.967
12716.624023 74.939
12808.773438 74.792
12901.591797 74.774
12995.082031 74.751
13089.250000 74.519
13184.099609 74.436
13279.636719 74.336
13375.867188 74.334
13472.793945 74.107
13570.422852 73.847
13668.759766 73.723
13767.809570 73.467
13867.577148 73.265
13968.067383 73.136
14069.285156 73.357
14171.237305 73.507
14273.927734 73.583
14377.362305 73.695
14481.546875 74.041
14586.486328 74.123
14692.185547 73.895
14798.651367 74.119
14905.888672 74.044
15013.902344 74.099
15122.700195 73.825
15232.285156 74.311
15342.664062 74.473
15453.843750 74.544
15565.829102 74.825
15678.625000 75.042
15792.239258 75.306
15906.675781 75.239
16021.942383 75.544
16138.043945 75.484
16254.986328 75.318
16372.777344 75.285
16491.421875 75.624
16610.923828 75.490
16731.294922 75.362
16852.535156 75.550
16974.656250 75.640
17097.662109 75.924
17221.558594 76.126
17346.353516 76.556
17472.052734 76.593
17598.662109 76.889
17726.189453 77.249
17854.640625 77.626
17984.021484 77.843
18114.341797 78.313
18245.605469 78.403
18377.820312 78.286
18510.994141 78.106
18645.132812 78.130
18780.242188 77.887
18916.332031 77.092
19053.408203 76.624
19191.476562 76.261
19330.546875 75.479
19470.623047 74.664
19611.714844 73.898
19753.830078 73.449
19896.974609 72.787
