20.000000 109.685
20.144928 109.683
20.290907 109.681
20.437943 109.679
20.586044 109.676
20.735220 109.673
20.885475 109.670
21.036821 109.667
21.189262 109.664
21.342808 109.660
21.497467 109.655
21.653246 109.651
21.810154 109.647
21.968201 109.642
22.127390 109.637
22.287735 109.632
22.449242 109.627
22.611917 109.621
22.775772 109.615
22.940815 109.608
23.107054 109.601
23.274498 109.594
23.443153 109.587
23.613033 109.580
23.784142 109.573
23.956491 109.566
24.130091 109.558
24.304947 109.551
24.481071 109.543
24.658470 109.534
24.837156 109.525
25.017136 109.515
25.198421 109.505
25.381020 109.495
25.564941 109.484
25.750195 109.472
25.936790 109.461
26.124741 109.449
26.314051 109.437
26.504732 109.425
26.696796 109.412
26.890253 109.399
27.085112 109.385
27.281382 109.370
27.479073 109.354
27.678198 109.337
27.878765 109.319
28.080786 109.301
28.284271 109.283
28.489231 109.266
28.695675 109.249
28.903616 109.233
29.113064 109.218
29.324028 109.203
29.536524 109.188
29.750557 109.173
29.966141 109.157
30.183289 109.139
30.402010 109.121
30.622314 109.102
30.844217 109.082
31.067726 109.061
31.292856 109.041
31.519617 109.020
31.748020 109.000
31.978081 108.979
32.209808 108.958
32.443211 108.936
32.678310 108.913
32.915108 108.890
33.153625 108.866
33.393871 108.842
33.635857 108.817
33.879597 108.792
34.125103 108.766
34.372387 108.741
34.621464 108.714
34.872345 108.688
35.125042 108.661
35.379574 108.633
35.635948 108.606
35.894180 108.579
36.154285 108.553
36.416275 108.526
36.680161 108.500
36.945961 108.473
37.213688 108.445
37.483353 108.417
37.754974 108.388
38.028561 108.359
38.304131 108.328
38.581699 108.297
38.861279 108.265
39.142883 108.232
39.426529 108.199
39.712231 108.166
40.000000 108.133
40.289856 108.101
40.581814 108.068
40.875885 108.035
41.172089 108.002
41.470440 107.967
41.770950 107.932
42.073643 107.894
42.378525 107.856
42.685616 107.818
42.994934 107.780
43.306492 107.741
43.620308 107.702
43.936401 107.663
44.254780 107.623
44.575470 107.582
44.898483 107.540
45.223835 107.498
45.551544 107.455
45.881630 107.411
46.214108 107.367
46.548996 107.322
46.886307 107.276
47.226067 107.230
47.568283 107.185
47.912983 107.140
48.260181 107.095
48.609894 107.049
48.962143 107.002
49.316940 106.953
49.674313 106.902
50.034271 106.852
50.396843 106.800
50.762039 106.749
51.129883 106.697
51.500389 106.643
51.873581 106.589
52.249481 106.533
52.628101 106.476
53.009464 106.417
53.393593 106.358
53.780506 106.297
54.170223 106.235
54.562763 106.172
54.958145 106.107
55.356396 106.042
55.757530 105.976
56.161572 105.908
56.568542 105.837
56.978462 105.764
57.391350 105.687
57.807232 105.607
58.226128 105.525
58.648056 105.440
59.073048 105.353
59.501114 105.261
59.932281 105.164
60.366577 105.062
60.804020 104.955
61.244629 104.844
61.688435 104.727
62.135452 104.605
62.585712 104.477
63.039234 104.344
63.496040 104.209
63.956161 104.075
64.419617 103.951
64.886421 103.851
65.356621 103.794
65.830215 103.807
66.307251 103.922
66.787743 104.157
67.271713 104.504
67.759193 104.924
68.250206 105.353
68.744774 105.733
69.242928 106.023
69.744690 106.206
70.250084 106.289
70.759148 106.292
71.271896 106.237
71.788361 106.145
72.308571 106.032
72.832550 105.906
73.360321 105.777
73.891922 105.649
74.427376 105.523
74.966705 105.401
75.509949 105.284
76.057121 105.171
76.608261 105.063
77.163399 104.958
77.722557 104.856
78.285767 104.756
78.853058 104.659
79.424461 104.564
80.000000 104.471
80.579712 104.381
81.163628 104.293
81.751770 104.207
82.344177 104.122
82.940880 104.038
83.541901 103.955
84.147285 103.873
84.757050 103.792
85.371231 103.713
85.989868 103.635
86.612984 103.557
87.240616 103.479
87.872803 103.402
88.509560 103.324
89.150940 103.247
89.796967 103.171
90.447670 103.095
91.103088 103.019
91.763260 102.943
92.428215 102.868
93.097992 102.793
93.772614 102.720
94.452133 102.646
95.136566 102.574
95.825966 102.502
96.520363 102.430
97.219788 102.358
97.924286 102.288
98.633881 102.218
99.348625 102.150
100.068542 102.082
100.793686 102.015
101.524078 101.950
102.259766 101.885
103.000778 101.820
103.747162 101.757
104.498962 101.695
105.256203 101.635
106.018929 101.576
106.787186 101.519
107.561012 101.463
108.340446 101.408
109.125526 101.355
109.916290 101.301
110.712791 101.249
111.515060 101.196
112.323143 101.144
113.137085 101.092
113.956924 101.041
114.782700 100.989
115.614464 100.937
116.452255 100.885
117.296112 100.834
118.146095 100.785
119.002228 100.738
119.864563 100.692
120.733154 100.647
121.608040 100.603
122.489258 100.560
123.376869 100.519
124.270905 100.479
125.171425 100.440
126.078468 100.404
126.992081 100.370
127.912323 100.339
128.839233 100.311
129.772842 100.285
130.713242 100.261
131.660431 100.239
132.614502 100.217
133.575485 100.196
134.543427 100.176
135.518387 100.156
136.500412 100.136
137.489548 100.116
138.485855 100.095
139.489380 100.075
140.500168 100.054
141.518295 100.035
142.543793 100.017
143.576721 100.002
144.617142 99.987
145.665100 99.974
146.720642 99.961
147.783844 99.948
148.854752 99.937
149.933411 99.926
151.019897 99.916
152.114243 99.907
153.216522 99.899
154.326797 99.892
155.445114 99.887
156.571533 99.884
157.706116 99.883
158.848923 99.883
160.000000 99.885
161.159424 99.888
162.327255 99.892
163.503540 99.897
164.688354 99.902
165.881760 99.909
167.083801 99.917
168.294571 99.927
169.514099 99.937
170.742462 99.947
171.979736 99.956
173.225967 99.965
174.481232 99.972
175.745605 99.977
177.019119 99.980
178.301880 99.981
179.593933 99.981
180.895340 99.980
182.206177 99.980
183.526520 99.984
184.856430 99.995
186.195984 100.014
187.545227 100.044
188.904266 100.086
190.273132 100.139
191.651932 100.200
193.040726 100.264
194.439575 100.329
195.848572 100.389
197.267761 100.442
198.697250 100.486
200.137085 100.523
201.587372 100.553
203.048157 100.579
204.519531 100.601
206.001556 100.619
207.494324 100.636
208.997925 100.650
210.512405 100.662
212.037857 100.672
213.574371 100.681
215.122025 100.689
216.680893 100.698
218.251053 100.707
219.832581 100.716
221.425583 100.724
223.030121 100.732
224.646286 100.739
226.274170 100.746
227.913849 100.753
229.565399 100.761
231.228928 100.769
232.904510 100.777
234.592224 100.784
236.292191 100.791
238.004456 100.797
239.729126 100.803
241.466309 100.808
243.216080 100.814
244.978516 100.820
246.753738 100.826
248.541809 100.832
250.342850 100.837
252.156937 100.843
253.984161 100.849
255.824646 100.855
257.678467 100.860
259.545685 100.864
261.426483 100.868
263.320862 100.871
265.229004 100.875
267.150970 100.878
269.086853 100.882
271.036774 100.886
273.000824 100.891
274.979095 100.895
276.971710 100.898
278.978760 100.901
281.000336 100.903
283.036591 100.904
285.087585 100.906
287.153442 100.908
289.234283 100.909
291.330200 100.909
293.441284 100.908
295.567688 100.904
297.709503 100.899
299.866821 100.895
302.039795 100.891
304.228485 100.889
306.433044 100.888
308.653595 100.887
310.890228 100.884
313.143066 100.882
315.412231 100.878
317.697845 100.874
320.000000 100.870
322.318848 100.866
324.654510 100.860
327.007080 100.854
329.376709 100.848
331.763519 100.841
334.167603 100.834
336.589142 100.827
339.028198 100.820
341.484924 100.813
343.959473 100.806
346.451935 100.798
348.962463 100.789
351.491211 100.779
354.038239 100.768
356.603760 100.755
359.187866 100.742
361.790680 100.728
364.412354 100.716
367.053040 100.706
369.712860 100.696
372.391968 100.687
375.090454 100.676
377.808533 100.664
380.546265 100.650
383.303864 100.635
386.081451 100.621
388.879150 100.607
391.697144 100.594
394.535522 100.579
397.394501 100.564
400.274170 100.547
403.174744 100.530
406.096313 100.513
409.039062 100.496
412.003113 100.479
414.988647 100.463
417.995850 100.447
421.024811 100.431
424.075714 100.415
427.148743 100.398
430.244049 100.380
433.361786 100.361
436.502106 100.342
439.665161 100.322
442.851166 100.302
446.060242 100.280
449.292572 100.257
452.548340 100.233
455.827698 100.208
459.130798 100.184
462.457855 100.162
465.809021 100.142
469.184448 100.124
472.584381 100.106
476.008911 100.088
479.458252 100.068
482.932617 100.046
486.432159 100.022
489.957031 99.997
493.507477 99.971
497.083618 99.946
500.685699 99.922
504.313873 99.899
507.968323 99.876
511.649292 99.852
515.356934 99.827
519.091370 99.802
522.852966 99.777
526.641724 99.752
530.458008 99.727
534.301941 99.702
538.173706 99.677
542.073547 99.651
546.001648 99.625
549.958191 99.599
553.943420 99.573
557.957520 99.548
562.000671 99.522
566.073181 99.496
570.175171 99.470
574.306885 99.443
578.468567 99.416
582.660400 99.390
586.882568 99.365
591.135376 99.339
595.419006 99.311
599.733643 99.281
604.079590 99.252
608.456970 99.224
612.866089 99.199
617.307190 99.175
621.780457 99.153
626.286133 99.130
630.824463 99.105
635.395691 99.080
640.000000 99.053
644.637695 99.026
649.309021 98.998
654.014160 98.970
658.753418 98.942
663.527039 98.915
668.335205 98.888
673.178284 98.861
678.056396 98.835
682.969849 98.809
687.918945 98.784
692.903870 98.761
697.924927 98.741
702.982422 98.723
708.076477 98.704
713.207520 98.683
718.375732 98.658
723.581360 98.631
728.824707 98.605
734.106079 98.580
739.425720 98.559
744.783936 98.540
750.180908 98.522
755.617065 98.506
761.092529 98.489
766.607727 98.470
772.162903 98.450
777.758301 98.430
783.394287 98.413
789.071045 98.399
794.789001 98.387
800.548340 98.375
806.349487 98.363
812.192627 98.351
818.078125 98.339
824.006226 98.325
829.977295 98.309
835.991699 98.293
842.049622 98.278
848.151428 98.266
854.297485 98.258
860.488098 98.254
866.723572 98.252
873.004211 98.249
879.330322 98.244
885.702332 98.236
892.120483 98.227
898.585144 98.218
905.096680 98.213
911.655396 98.212
918.261597 98.216
924.915710 98.225
931.618042 98.239
938.368896 98.259
945.168762 98.280
952.017822 98.301
958.916504 98.317
965.865234 98.329
972.864319 98.339
979.914062 98.349
987.014954 98.360
994.167236 98.370
1001.371399 98.379
1008.627747 98.386
1015.936646 98.393
1023.298584 98.400
1030.713867 98.408
1038.182739 98.420
1045.705933 98.436
1053.283447 98.458
1060.916016 98.484
1068.603882 98.512
1076.347412 98.538
1084.147095 98.563
1092.003296 98.591
1099.916382 98.623
1107.886841 98.660
1115.915039 98.700
1124.001343 98.744
1132.146362 98.790
1140.350342 98.833
1148.613770 98.871
1156.937134 98.901
1165.320801 98.925
1173.765137 98.945
1182.270752 98.964
1190.838013 98.983
1199.467285 99.001
1208.159180 99.019
1216.913940 99.035
1225.732178 99.049
1234.614380 99.062
1243.560913 99.076
1252.572266 99.094
1261.648926 99.117
1270.791382 99.140
1280.000000 99.159
1289.275391 99.173
1298.618042 99.182
1308.028320 99.190
1317.506836 99.201
1327.054077 99.216
1336.670410 99.237
1346.356567 99.259
1356.112793 99.279
1365.939697 99.293
1375.837891 99.302
1385.807739 99.310
1395.849854 99.320
1405.964844 99.333
1416.152954 99.350
1426.415039 99.370
1436.751465 99.392
1447.162720 99.414
1457.649414 99.435
1468.212158 99.454
1478.851440 99.469
1489.567871 99.482
1500.361816 99.496
1511.234131 99.513
1522.185059 99.534
1533.215454 99.556
1544.325806 99.577
1555.516602 99.595
1566.788574 99.611
1578.142090 99.629
1589.578003 99.652
1601.096680 99.680
1612.698975 99.710
1624.385254 99.741
1636.156250 99.773
1648.012451 99.806
1659.954590 99.836
1671.983398 99.863
1684.099243 99.888
1696.302856 99.916
1708.594971 99.949
1720.976196 99.987
1733.447144 100.025
1746.008423 100.061
1758.660645 100.094
1771.404663 100.126
1784.240967 100.164
1797.170288 100.210
1810.193359 100.261
1823.310791 100.313
1836.523193 100.360
1849.831421 100.403
1863.236084 100.443
1876.737793 100.485
1890.337524 100.532
1904.035645 100.587
1917.833008 100.649
1931.730469 100.714
1945.728638 100.776
1959.828125 100.833
1974.029907 100.886
1988.334473 100.939
2002.742798 100.996
2017.255493 101.061
2031.873291 101.134
2046.597168 101.211
2061.427734 101.288
2076.365479 101.360
2091.411865 101.427
2106.566895 101.494
2121.832031 101.563
2137.207764 101.640
2152.694824 101.726
2168.294189 101.816
2184.006592 101.908
2199.832764 101.995
2215.773682 102.076
2231.830078 102.154
2248.002686 102.234
2264.292725 102.320
2280.700684 102.414
2297.227539 102.516
2313.874268 102.620
2330.641602 102.724
2347.530273 102.825
2364.541504 102.925
2381.676025 103.030
2398.934570 103.145
2416.318359 103.272
2433.827881 103.409
2451.464355 103.547
2469.228760 103.680
2487.121826 103.801
2505.144531 103.909
2523.297852 104.006
2541.582764 104.098
2560.000000 104.189
2578.550781 104.279
2597.236084 104.365
2616.056641 104.442
2635.013672 104.506
2654.108154 104.553
2673.340820 104.587
2692.713135 104.613
2712.225586 104.635
2731.879395 104.656
2751.675781 104.672
2771.615479 104.680
2791.699707 104.676
2811.929688 104.657
2832.305908 104.625
2852.830078 104.586
2873.502930 104.546
2894.325439 104.509
2915.298828 104.473
2936.424316 104.434
2957.702881 104.389
2979.135742 104.334
3000.723633 104.266
3022.468262 104.190
3044.370117 104.112
3066.430908 104.037
3088.651611 103.962
3111.033203 103.885
3133.577148 103.801
3156.284180 103.708
3179.156006 103.601
3202.193359 103.484
3225.397949 103.363
3248.770508 103.244
3272.312500 103.130
3296.024902 103.017
3319.909180 102.904
3343.966797 102.787
3368.198486 102.663
3392.605713 102.534
3417.189941 102.406
3441.952393 102.287
3466.894287 102.180
3492.016846 102.079
3517.321289 101.977
3542.809326 101.873
3568.481934 101.768
3594.340576 101.661
3620.386719 101.548
3646.621582 101.423
3673.046387 101.282
3699.662842 101.134
3726.472168 100.987
3753.475586 100.845
3780.675049 100.702
3808.071289 100.551
3835.666016 100.395
3863.460938 100.246
3891.457275 100.111
3919.656250 99.991
3948.059814 99.883
3976.668945 99.786
4005.485596 99.696
4034.510986 99.609
4063.746582 99.523
4093.194336 99.444
4122.855469 99.379
4152.730957 99.330
4182.823730 99.289
4213.133789 99.250
4243.664062 99.213
4274.415527 99.177
4305.389648 99.144
4336.588379 99.110
4368.013184 99.070
4399.665527 99.022
4431.547363 98.972
4463.660156 98.931
4496.005371 98.898
4528.585449 98.863
4561.401367 98.818
4594.455078 98.764
4627.748535 98.710
4661.283203 98.665
4695.060547 98.626
4729.083008 98.590
4763.352051 98.556
4797.869141 98.527
4832.636719 98.507
4867.655762 98.500
4902.928711 98.501
4938.457520 98.507
4974.243652 98.520
5010.289062 98.546
5046.595703 98.593
5083.165527 98.656
5120.000000 98.730
5157.101562 98.812
5194.472168 98.898
5232.113281 98.983
5270.027344 99.067
5308.216309 99.162
5346.681641 99.278
5385.426270 99.414
5424.451172 99.562
5463.758789 99.714
5503.351562 99.874
5543.230957 100.051
5583.399414 100.245
5623.859375 100.443
5664.611816 100.625
5705.660156 100.771
5747.005859 100.859
5788.650879 100.867
5830.597656 100.771
5872.848633 100.557
5915.405762 100.219
5958.271484 99.771
6001.447266 99.244
6044.936523 98.675
6088.740234 98.093
6132.861816 97.514
6177.303223 96.951
6222.066406 96.419
6267.154297 95.932
6312.568359 95.495
6358.312012 95.102
6404.386719 94.747
6450.795898 94.424
6497.541016 94.126
6544.625000 93.844
6592.049805 93.577
6639.818359 93.333
6687.933594 93.116
6736.396973 92.922
6785.211426 92.743
6834.379883 92.577
6883.904785 92.425
6933.788574 92.290
6984.033691 92.170
7034.642578 92.062
7085.618652 91.959
7136.963867 91.866
7188.681152 91.793
7240.773438 91.749
7293.243164 91.734
7346.092773 91.739
7399.325684 91.759
7452.944336 91.804
7506.951172 91.893
7561.350098 92.031
7616.142578 92.204
7671.332031 92.403
7726.921875 92.633
7782.914551 92.893
7839.312500 93.180
7896.119629 93.489
7953.337891 93.819
8010.971191 94.160
8069.021973 94.501
8127.493164 94.835
8186.388672 95.159
8245.710938 95.469
8305.461914 95.767
8365.647461 96.068
8426.267578 96.397
8487.328125 96.785
8548.831055 97.276
8610.779297 97.919
8673.176758 98.713
8736.026367 99.563
8799.331055 100.336
8863.094727 100.939
8927.320312 101.337
8992.010742 101.520
9057.170898 101.487
9122.802734 101.249
9188.910156 100.841
9255.497070 100.317
9322.566406 99.726
9390.121094 99.099
9458.166016 98.462
9526.704102 97.840
9595.738281 97.244
9665.273438 96.664
9735.311523 96.093
9805.857422 95.539
9876.915039 95.016
9948.487305 94.540
10020.578125 94.130
10093.191406 93.805
10166.331055 93.571
10240.000000 93.406
10314.203125 93.273
10388.944336 93.120
10464.226562 92.896
10540.054688 92.585
10616.432617 92.226
10693.363281 91.892
10770.852539 91.639
10848.902344 91.494
10927.517578 91.456
11006.703125 91.515
11086.461914 91.652
11166.798828 91.847
11247.718750 92.084
11329.223633 92.348
11411.320312 92.629
11494.011719 92.926
11577.301758 93.250
11661.195312 93.596
11745.697266 93.936
11830.811523 94.224
11916.542969 94.419
12002.894531 94.489
12089.873047 94.415
12177.480469 94.184
12265.723633 93.801
12354.606445 93.309
12444.132812 92.797
12534.308594 92.401
12625.136719 92.251
12716.624023 92.342
12808.773438 92.499
12901.591797 92.516
12995.082031 92.298
13089.250000 91.870
13184.099609 91.308
13279.636719 90.692
13375.867188 90.080
13472.793945 89.508
13570.422852 89.004
13668.759766 88.594
13767.809570 88.288
13867.577148 88.090
13968.067383 88.006
14069.285156 88.044
14171.237305 88.192
14273.927734 88.416
14377.362305 88.682
14481.546875 88.959
14586.486328 89.227
14692.185547 89.481
14798.651367 89.721
14905.888672 89.935
15013.902344 90.104
15122.700195 90.202
15232.285156 90.195
15342.664062 90.056
15453.843750 89.776
15565.829102 89.367
15678.625000 88.858
15792.239258 88.287
15906.675781 87.698
16021.942383 87.170
16138.043945 86.825
16254.986328 86.778
16372.777344 87.019
16491.421875 87.381
16610.923828 87.677
16731.294922 87.828
16852.535156 87.851
16974.656250 87.806
17097.662109 87.754
17221.558594 87.739
17346.353516 87.787
17472.052734 87.910
17598.662109 88.102
17726.189453 88.352
17854.640625 88.651
17984.021484 89.002
18114.341797 89.408
18245.605469 89.856
18377.820312 90.328
18510.994141 90.801
18645.132812 91.246
18780.242188 91.629
18916.332031 91.935
19053.408203 92.176
19191.476562 92.385
19330.546875 92.596
19470.623047 92.835
19611.714844 93.119
19753.830078 93.426
19896.974609 93.692
