20.000000 108.083
20.144928 108.081
20.290907 108.078
20.437943 108.074
20.586044 108.071
20.735220 108.068
20.885475 108.064
21.036821 108.061
21.189262 108.057
21.342808 108.053
21.497467 108.048
21.653246 108.043
21.810154 108.038
21.968201 108.032
22.127390 108.026
22.287735 108.019
22.449242 108.011
22.611917 108.002
22.775772 107.993
22.940815 107.983
23.107054 107.973
23.274498 107.962
23.443153 107.951
23.613033 107.941
23.784142 107.930
23.956491 107.919
24.130091 107.909
24.304947 107.898
24.481071 107.888
24.658470 107.878
24.837156 107.868
25.017136 107.857
25.198421 107.846
25.381020 107.835
25.564941 107.823
25.750195 107.811
25.936790 107.798
26.124741 107.784
26.314051 107.769
26.504732 107.755
26.696796 107.740
26.890253 107.725
27.085112 107.710
27.281382 107.695
27.479073 107.681
27.678198 107.666
27.878765 107.652
28.080786 107.637
28.284271 107.621
28.489231 107.605
28.695675 107.588
28.903616 107.570
29.113064 107.552
29.324028 107.532
29.536524 107.513
29.750557 107.493
29.966141 107.474
30.183289 107.454
30.402010 107.434
30.622314 107.413
30.844217 107.393
31.067726 107.371
31.292856 107.349
31.519617 107.326
31.748020 107.302
31.978081 107.278
32.209808 107.253
32.443211 107.227
32.678310 107.202
32.915108 107.176
33.153625 107.151
33.393871 107.125
33.635857 107.099
33.879597 107.073
34.125103 107.046
34.372387 107.018
34.621464 106.990
34.872345 106.961
35.125042 106.933
35.379574 106.904
35.635948 106.876
35.894180 106.848
36.154285 106.819
36.416275 106.789
36.680161 106.757
36.945961 106.724
37.213688 106.690
37.483353 106.655
37.754974 106.621
38.028561 106.588
38.304131 106.554
38.581699 106.520
38.861279 106.484
39.142883 106.446
39.426529 106.407
39.712231 106.370
40.000000 106.335
40.289856 106.304
40.581814 106.275
40.875885 106.248
41.172089 106.216
41.470440 106.178
41.770950 106.132
42.073643 106.078
42.378525 106.020
42.685616 105.961
42.994934 105.906
43.306492 105.855
43.620308 105.808
43.936401 105.761
44.254780 105.711
44.575470 105.658
44.898483 105.602
45.223835 105.544
45.551544 105.485
45.881630 105.428
46.214108 105.371
46.548996 105.313
46.886307 105.252
47.226067 105.187
47.568283 105.119
47.912983 105.047
48.260181 104.973
48.609894 104.899
48.962143 104.823
49.316940 104.745
49.674313 104.662
50.034271 104.571
50.396843 104.473
50.762039 104.368
51.129883 104.261
51.500389 104.153
51.873581 104.046
52.249481 103.943
52.628101 103.848
53.009464 103.769
53.393593 103.726
53.780506 103.739
54.170223 103.828
54.562763 104.000
54.958145 104.250
55.356396 104.555
55.757530 104.880
56.161572 105.190
56.568542 105.451
56.978462 105.641
57.391350 105.749
57.807232 105.781
58.226128 105.754
58.648056 105.688
59.073048 105.601
59.501114 105.505
59.932281 105.405
60.366577 105.302
60.804020 105.197
61.244629 105.093
61.688435 104.991
62.135452 104.894
62.585712 104.800
63.039234 104.709
63.496040 104.618
63.956161 104.528
64.419617 104.440
64.886421 104.354
65.356621 104.269
65.830215 104.185
66.307251 104.102
66.787743 104.020
67.271713 103.938
67.759193 103.859
68.250206 103.781
68.744774 103.704
69.242928 103.627
69.744690 103.551
70.250084 103.476
70.759148 103.402
71.271896 103.328
71.788361 103.257
72.308571 103.185
72.832550 103.114
73.360321 103.042
73.891922 102.969
74.427376 102.898
74.966705 102.831
75.509949 102.767
76.057121 102.706
76.608261 102.649
77.163399 102.593
77.722557 102.540
78.285767 102.488
78.853058 102.437
79.424461 102.385
80.000000 102.330
80.579712 102.271
81.163628 102.207
81.751770 102.141
82.344177 102.073
82.940880 102.003
83.541901 101.930
84.147285 101.856
84.757050 101.783
85.371231 101.711
85.989868 101.641
86.612984 101.571
87.240616 101.500
87.872803 101.428
88.509560 101.355
89.150940 101.282
89.796967 101.209
90.447670 101.136
91.103088 101.063
91.763260 100.989
92.428215 100.915
93.097992 100.840
93.772614 100.765
94.452133 100.690
95.136566 100.616
95.825966 100.543
96.520363 100.473
97.219788 100.406
97.924286 100.342
98.633881 100.281
99.348625 100.222
100.068542 100.167
100.793686 100.117
101.524078 100.070
102.259766 100.027
103.000778 99.983
103.747162 99.940
104.498962 99.895
105.256203 99.849
106.018929 99.801
106.787186 99.751
107.561012 99.701
108.340446 99.649
109.125526 99.597
109.916290 99.543
110.712791 99.488
111.515060 99.433
112.323143 99.378
113.137085 99.321
113.956924 99.263
114.782700 99.204
115.614464 99.144
116.452255 99.084
117.296112 99.025
118.146095 98.965
119.002228 98.905
119.864563 98.846
120.733154 98.788
121.608040 98.731
122.489258 98.676
123.376869 98.623
124.270905 98.572
125.171425 98.524
126.078468 98.478
126.992081 98.436
127.912323 98.398
128.839233 98.364
129.772842 98.336
130.713242 98.311
131.660431 98.290
132.614502 98.272
133.575485 98.258
134.543427 98.248
135.518387 98.241
136.500412 98.238
137.489548 98.237
138.485855 98.241
139.489380 98.247
140.500168 98.256
141.518295 98.265
142.543793 98.275
143.576721 98.286
144.617142 98.297
145.665100 98.310
146.720642 98.325
147.783844 98.343
148.854752 98.367
149.933411 98.396
151.019897 98.431
152.114243 98.470
153.216522 98.512
154.326797 98.556
155.445114 98.600
156.571533 98.642
157.706116 98.680
158.848923 98.713
160.000000 98.740
161.159424 98.760
162.327255 98.776
163.503540 98.787
164.688354 98.795
165.881760 98.802
167.083801 98.808
168.294571 98.814
169.514099 98.821
170.742462 98.827
171.979736 98.834
173.225967 98.840
174.481232 98.846
175.745605 98.848
177.019119 98.847
178.301880 98.843
179.593933 98.835
180.895340 98.823
182.206177 98.809
183.526520 98.793
184.856430 98.777
186.195984 98.762
187.545227 98.748
188.904266 98.736
190.273132 98.727
191.651932 98.721
193.040726 98.717
194.439575 98.717
195.848572 98.720
197.267761 98.728
198.697250 98.740
200.137085 98.756
201.587372 98.776
203.048157 98.798
204.519531 98.822
206.001556 98.845
207.494324 98.868
208.997925 98.890
210.512405 98.912
212.037857 98.932
213.574371 98.951
215.122025 98.968
216.680893 98.985
218.251053 99.001
219.832581 99.015
221.425583 99.029
223.030121 99.042
224.646286 99.055
226.274170 99.067
227.913849 99.079
229.565399 99.091
231.228928 99.103
232.904510 99.114
234.592224 99.125
236.292191 99.136
238.004456 99.146
239.729126 99.156
241.466309 99.165
243.216080 99.174
244.978516 99.183
246.753738 99.191
248.541809 99.199
250.342850 99.207
252.156937 99.214
253.984161 99.222
255.824646 99.229
257.678467 99.237
259.545685 99.243
261.426483 99.249
263.320862 99.256
265.229004 99.262
267.150970 99.269
269.086853 99.275
271.036774 99.280
273.000824 99.285
274.979095 99.289
276.971710 99.292
278.978760 99.295
281.000336 99.297
283.036591 99.299
285.087585 99.301
287.153442 99.303
289.234283 99.304
291.330200 99.306
293.441284 99.306
295.567688 99.306
297.709503 99.305
299.866821 99.304
302.039795 99.302
304.228485 99.301
306.433044 99.299
308.653595 99.297
310.890228 99.295
313.143066 99.293
315.412231 99.291
317.697845 99.288
320.000000 99.285
322.318848 99.280
324.654510 99.276
327.007080 99.270
329.376709 99.265
331.763519 99.259
334.167603 99.253
336.589142 99.247
339.028198 99.240
341.484924 99.233
343.959473 99.226
346.451935 99.218
348.962463 99.210
351.491211 99.201
354.038239 99.192
356.603760 99.183
359.187866 99.173
361.790680 99.163
364.412354 99.152
367.053040 99.142
369.712860 99.131
372.391968 99.120
375.090454 99.109
377.808533 99.097
380.546265 99.084
383.303864 99.071
386.081451 99.057
388.879150 99.044
391.697144 99.030
394.535522 99.017
397.394501 99.004
400.274170 98.990
403.174744 98.975
406.096313 98.960
409.039062 98.945
412.003113 98.929
414.988647 98.913
417.995850 98.897
421.024811 98.880
424.075714 98.863
427.148743 98.845
430.244049 98.827
433.361786 98.809
436.502106 98.791
439.665161 98.773
442.851166 98.755
446.060242 98.736
449.292572 98.716
452.548340 98.696
455.827698 98.676
459.130798 98.656
462.457855 98.635
465.809021 98.615
469.184448 98.594
472.584381 98.573
476.008911 98.553
479.458252 98.532
482.932617 98.512
486.432159 98.490
489.957031 98.469
493.507477 98.447
497.083618 98.425
500.685699 98.402
504.313873 98.379
507.968323 98.356
511.649292 98.334
515.356934 98.311
519.091370 98.288
522.852966 98.265
526.641724 98.241
530.458008 98.218
534.301941 98.194
538.173706 98.170
542.073547 98.145
546.001648 98.121
549.958191 98.097
553.943420 98.073
557.957520 98.049
562.000671 98.024
566.073181 98.000
570.175171 97.976
574.306885 97.951
578.468567 97.927
582.660400 97.903
586.882568 97.878
591.135376 97.854
595.419006 97.830
599.733643 97.805
604.079590 97.780
608.456970 97.755
612.866089 97.731
617.307190 97.706
621.780457 97.682
626.286133 97.657
630.824463 97.633
635.395691 97.609
640.000000 97.585
644.637695 97.561
649.309021 97.537
654.014160 97.512
658.753418 97.488
663.527039 97.464
668.335205 97.441
673.178284 97.418
678.056396 97.395
682.969849 97.372
687.918945 97.350
692.903870 97.328
697.924927 97.306
702.982422 97.285
708.076477 97.263
713.207520 97.243
718.375732 97.222
723.581360 97.202
728.824707 97.181
734.106079 97.162
739.425720 97.142
744.783936 97.123
750.180908 97.105
755.617065 97.087
761.092529 97.070
766.607727 97.054
772.162903 97.039
777.758301 97.024
783.394287 97.010
789.071045 96.997
794.789001 96.985
800.548340 96.974
806.349487 96.962
812.192627 96.951
818.078125 96.940
824.006226 96.927
829.977295 96.914
835.991699 96.902
842.049622 96.890
848.151428 96.881
854.297485 96.876
860.488098 96.874
866.723572 96.872
873.004211 96.868
879.330322 96.858
885.702332 96.845
892.120483 96.833
898.585144 96.824
905.096680 96.821
911.655396 96.824
918.261597 96.832
924.915710 96.842
931.618042 96.855
938.368896 96.868
945.168762 96.881
952.017822 96.893
958.916504 96.905
965.865234 96.915
972.864319 96.925
979.914062 96.934
987.014954 96.942
994.167236 96.949
1001.371399 96.954
1008.627747 96.958
1015.936646 96.961
1023.298584 96.964
1030.713867 96.968
1038.182739 96.973
1045.705933 96.981
1053.283447 96.990
1060.916016 97.003
1068.603882 97.018
1076.347412 97.038
1084.147095 97.059
1092.003296 97.083
1099.916382 97.110
1107.886841 97.138
1115.915039 97.167
1124.001343 97.196
1132.146362 97.225
1140.350342 97.252
1148.613770 97.275
1156.937134 97.294
1165.320801 97.309
1173.765137 97.321
1182.270752 97.331
1190.838013 97.340
1199.467285 97.346
1208.159180 97.352
1216.913940 97.357
1225.732178 97.362
1234.614380 97.367
1243.560913 97.371
1252.572266 97.376
1261.648926 97.381
1270.791382 97.386
1280.000000 97.392
1289.275391 97.397
1298.618042 97.402
1308.028320 97.407
1317.506836 97.412
1327.054077 97.416
1336.670410 97.421
1346.356567 97.426
1356.112793 97.432
1365.939697 97.437
1375.837891 97.443
1385.807739 97.449
1395.849854 97.455
1405.964844 97.461
1416.152954 97.469
1426.415039 97.477
1436.751465 97.487
1447.162720 97.498
1457.649414 97.513
1468.212158 97.533
1478.851440 97.558
1489.567871 97.589
1500.361816 97.625
1511.234131 97.665
1522.185059 97.707
1533.215454 97.749
1544.325806 97.788
1555.516602 97.823
1566.788574 97.855
1578.142090 97.884
1589.578003 97.911
1601.096680 97.937
1612.698975 97.963
1624.385254 97.989
1636.156250 98.015
1648.012451 98.042
1659.954590 98.070
1671.983398 98.098
1684.099243 98.128
1696.302856 98.160
1708.594971 98.193
1720.976196 98.227
1733.447144 98.263
1746.008423 98.300
1758.660645 98.339
1771.404663 98.380
1784.240967 98.423
1797.170288 98.469
1810.193359 98.518
1823.310791 98.570
1836.523193 98.625
1849.831421 98.681
1863.236084 98.738
1876.737793 98.796
1890.337524 98.853
1904.035645 98.910
1917.833008 98.967
1931.730469 99.024
1945.728638 99.081
1959.828125 99.140
1974.029907 99.199
1988.334473 99.259
2002.742798 99.321
2017.255493 99.383
2031.873291 99.447
2046.597168 99.513
2061.427734 99.579
2076.365479 99.647
2091.411865 99.716
2106.566895 99.786
2121.832031 99.856
2137.207764 99.927
2152.694824 99.999
2168.294189 100.071
2184.006592 100.145
2199.832764 100.219
2215.773682 100.295
2231.830078 100.374
2248.002686 100.457
2264.292725 100.546
2280.700684 100.644
2297.227539 100.756
2313.874268 100.885
2330.641602 101.036
2347.530273 101.212
2364.541504 101.410
2381.676025 101.625
2398.934570 101.850
2416.318359 102.072
2433.827881 102.282
2451.464355 102.475
2469.228760 102.645
2487.121826 102.795
2505.144531 102.926
2523.297852 103.040
2541.582764 103.141
2560.000000 103.231
2578.550781 103.311
2597.236084 103.383
2616.056641 103.448
2635.013672 103.505
2654.108154 103.554
2673.340820 103.595
2692.713135 103.628
2712.225586 103.652
2731.879395 103.667
2751.675781 103.674
2771.615479 103.673
2791.699707 103.663
2811.929688 103.647
2832.305908 103.624
2852.830078 103.595
2873.502930 103.561
2894.325439 103.523
2915.298828 103.481
2936.424316 103.435
2957.702881 103.385
2979.135742 103.332
3000.723633 103.274
3022.468262 103.212
3044.370117 103.144
3066.430908 103.071
3088.651611 102.992
3111.033203 102.905
3133.577148 102.809
3156.284180 102.704
3179.156006 102.588
3202.193359 102.461
3225.397949 102.320
3248.770508 102.165
3272.312500 101.995
3296.024902 101.809
3319.909180 101.608
3343.966797 101.394
3368.198486 101.170
3392.605713 100.943
3417.189941 100.722
3441.952393 100.514
3466.894287 100.329
3492.016846 100.169
3517.321289 100.037
3542.809326 99.932
3568.481934 99.849
3594.340576 99.785
3620.386719 99.733
3646.621582 99.691
3673.046387 99.655
3699.662842 99.623
3726.472168 99.592
3753.475586 99.560
3780.675049 99.526
3808.071289 99.488
3835.666016 99.448
3863.460938 99.404
3891.457275 99.356
3919.656250 99.306
3948.059814 99.255
3976.668945 99.206
4005.485596 99.161
4034.510986 99.121
4063.746582 99.088
4093.194336 99.061
4122.855469 99.042
4152.730957 99.030
4182.823730 99.024
4213.133789 99.022
4243.664062 99.024
4274.415527 99.029
4305.389648 99.035
4336.588379 99.043
4368.013184 99.052
4399.665527 99.060
4431.547363 99.069
4463.660156 99.077
4496.005371 99.084
4528.585449 99.090
4561.401367 99.094
4594.455078 99.098
4627.748535 99.101
4661.283203 99.105
4695.060547 99.111
4729.083008 99.121
4763.352051 99.137
4797.869141 99.163
4832.636719 99.200
4867.655762 99.250
4902.928711 99.315
4938.457520 99.396
4974.243652 99.493
5010.289062 99.604
5046.595703 99.729
5083.165527 99.866
5120.000000 100.014
5157.101562 100.172
5194.472168 100.338
5232.113281 100.514
5270.027344 100.700
5308.216309 100.897
5346.681641 101.108
5385.426270 101.331
5424.451172 101.567
5463.758789 101.815
5503.351562 102.072
5543.230957 102.333
5583.399414 102.586
5623.859375 102.820
5664.611816 103.017
5705.660156 103.158
5747.005859 103.221
5788.650879 103.191
5830.597656 103.055
5872.848633 102.817
5915.405762 102.488
5958.271484 102.091
6001.447266 101.654
6044.936523 101.206
6088.740234 100.775
6132.861816 100.380
6177.303223 100.032
6222.066406 99.738
6267.154297 99.500
6312.568359 99.319
6358.312012 99.192
6404.386719 99.116
6450.795898 99.086
6497.541016 99.099
6544.625000 99.152
6592.049805 99.244
6639.818359 99.372
6687.933594 99.538
6736.396973 99.740
6785.211426 99.978
6834.379883 100.251
6883.904785 100.556
6933.788574 100.890
6984.033691 101.244
7034.642578 101.606
7085.618652 101.960
7136.963867 102.284
7188.681152 102.552
7240.773438 102.739
7293.243164 102.823
7346.092773 102.786
7399.325684 102.612
7452.944336 102.298
7506.951172 101.857
7561.350098 101.315
7616.142578 100.691
7671.332031 100.008
7726.921875 99.293
7782.914551 98.578
7839.312500 97.882
7896.119629 97.214
7953.337891 96.568
8010.971191 95.936
8069.021973 95.308
8127.493164 94.681
8186.388672 94.050
8245.710938 93.405
8305.461914 92.738
8365.647461 92.051
8426.267578 91.361
8487.328125 90.693
8548.831055 90.079
8610.779297 89.570
8673.176758 89.217
8736.026367 89.004
8799.331055 88.840
8863.094727 88.630
8927.320312 88.338
8992.010742 87.978
9057.170898 87.589
9122.802734 87.217
9188.910156 86.909
9255.497070 86.703
9322.566406 86.609
9390.121094 86.609
9458.166016 86.675
9526.704102 86.782
9595.738281 86.905
9665.273438 87.026
9735.311523 87.142
9805.857422 87.265
9876.915039 87.415
9948.487305 87.611
10020.578125 87.862
10093.191406 88.159
10166.331055 88.474
10240.000000 88.773
10314.203125 89.039
10388.944336 89.301
10464.226562 89.605
10540.054688 89.978
10616.432617 90.421
10693.363281 90.920
10770.852539 91.464
10848.902344 92.040
10927.517578 92.632
11006.703125 93.217
11086.461914 93.764
11166.798828 94.235
11247.718750 94.589
11329.223633 94.794
11411.320312 94.837
11494.011719 94.719
11577.301758 94.451
11661.195312 94.052
11745.697266 93.552
11830.811523 92.987
11916.542969 92.391
12002.894531 91.793
12089.873047 91.212
12177.480469 90.664
12265.723633 90.169
12354.606445 89.762
12444.132812 89.513
12534.308594 89.509
12625.136719 89.790
12716.624023 90.264
12808.773438 90.735
12901.591797 91.041
12995.082031 91.132
13089.250000 91.037
13184.099609 90.816
13279.636719 90.523
13375.867188 90.198
13472.793945 89.873
13570.422852 89.571
13668.759766 89.309
13767.809570 89.096
13867.577148 88.944
13968.067383 88.864
14069.285156 88.865
14171.237305 88.934
14273.927734 89.041
14377.362305 89.156
14481.546875 89.256
14586.486328 89.334
14692.185547 89.407
14798.651367 89.503
14905.888672 89.634
15013.902344 89.789
15122.700195 89.952
15232.285156 90.121
15342.664062 90.319
15453.843750 90.575
15565.829102 90.915
15678.625000 91.347
15792.239258 91.868
15906.675781 92.474
16021.942383 93.145
16138.043945 93.822
16254.986328 94.391
16372.777344 94.714
16491.421875 94.685
16610.923828 94.284
16731.294922 93.569
16852.535156 92.641
16974.656250 91.611
17097.662109 90.573
17221.558594 89.594
17346.353516 88.715
17472.052734 87.952
17598.662109 87.307
17726.189453 86.771
17854.640625 86.331
17984.021484 85.974
18114.341797 85.691
18245.605469 85.474
18377.820312 85.313
18510.994141 85.190
18645.132812 85.076
18780.242188 84.930
18916.332031 84.718
19053.408203 84.425
19191.476562 84.053
19330.546875 83.621
19470.623047 83.158
19611.714844 82.703
19753.830078 82.296
19896.974609 81.986
