20.000000 107.662
20.144928 107.668
20.290907 107.673
20.437943 107.678
20.586044 107.682
20.735220 107.685
20.885475 107.687
21.036821 107.688
21.189262 107.688
21.342808 107.687
21.497467 107.684
21.653246 107.681
21.810154 107.677
21.968201 107.672
22.127390 107.667
22.287735 107.662
22.449242 107.656
22.611917 107.649
22.775772 107.643
22.940815 107.636
23.107054 107.630
23.274498 107.623
23.443153 107.616
23.613033 107.610
23.784142 107.604
23.956491 107.597
24.130091 107.592
24.304947 107.586
24.481071 107.581
24.658470 107.577
24.837156 107.573
25.017136 107.569
25.198421 107.566
25.381020 107.563
25.564941 107.559
25.750195 107.555
25.936790 107.551
26.124741 107.545
26.314051 107.538
26.504732 107.531
26.696796 107.522
26.890253 107.513
27.085112 107.503
27.281382 107.493
27.479073 107.483
27.678198 107.473
27.878765 107.463
28.080786 107.453
28.284271 107.443
28.489231 107.431
28.695675 107.419
28.903616 107.406
29.113064 107.392
29.324028 107.378
29.536524 107.362
29.750557 107.346
29.966141 107.329
30.183289 107.312
30.402010 107.295
30.622314 107.277
30.844217 107.260
31.067726 107.242
31.292856 107.223
31.519617 107.203
31.748020 107.183
31.978081 107.161
32.209808 107.139
32.443211 107.117
32.678310 107.094
32.915108 107.072
33.153625 107.051
33.393871 107.031
33.635857 107.012
33.879597 106.993
34.125103 106.974
34.372387 106.955
34.621464 106.935
34.872345 106.913
35.125042 106.891
35.379574 106.868
35.635948 106.844
35.894180 106.821
36.154285 106.797
36.416275 106.773
36.680161 106.748
36.945961 106.722
37.213688 106.696
37.483353 106.670
37.754974 106.644
38.028561 106.619
38.304131 106.595
38.581699 106.572
38.861279 106.548
39.142883 106.523
39.426529 106.496
39.712231 106.466
40.000000 106.436
40.289856 106.404
40.581814 106.373
40.875885 106.342
41.172089 106.313
41.470440 106.284
41.770950 106.254
42.073643 106.223
42.378525 106.190
42.685616 106.155
42.994934 106.119
43.306492 106.083
43.620308 106.047
43.936401 106.013
44.254780 105.979
44.575470 105.946
44.898483 105.914
45.223835 105.881
45.551544 105.847
45.881630 105.812
46.214108 105.775
46.548996 105.737
46.886307 105.697
47.226067 105.656
47.568283 105.614
47.912983 105.572
48.260181 105.531
48.609894 105.492
48.962143 105.454
49.316940 105.417
49.674313 105.379
50.034271 105.340
50.396843 105.299
50.762039 105.257
51.129883 105.215
51.500389 105.172
51.873581 105.128
52.249481 105.084
52.628101 105.039
53.009464 104.993
53.393593 104.948
53.780506 104.903
54.170223 104.858
54.562763 104.814
54.958145 104.769
55.356396 104.722
55.757530 104.674
56.161572 104.625
56.568542 104.577
56.978462 104.529
57.391350 104.481
57.807232 104.433
58.226128 104.384
58.648056 104.333
59.073048 104.282
59.501114 104.230
59.932281 104.178
60.366577 104.126
60.804020 104.074
61.244629 104.021
61.688435 103.968
62.135452 103.915
62.585712 103.862
63.039234 103.809
63.496040 103.756
63.956161 103.702
64.419617 103.647
64.886421 103.590
65.356621 103.531
65.830215 103.473
66.307251 103.415
66.787743 103.356
67.271713 103.298
67.759193 103.240
68.250206 103.182
68.744774 103.123
69.242928 103.062
69.744690 102.999
70.250084 102.935
70.759148 102.872
71.271896 102.810
71.788361 102.748
72.308571 102.687
72.832550 102.624
73.360321 102.561
73.891922 102.498
74.427376 102.435
74.966705 102.370
75.509949 102.304
76.057121 102.236
76.608261 102.168
77.163399 102.098
77.722557 102.029
78.285767 101.961
78.853058 101.897
79.424461 101.836
80.000000 101.777
80.579712 101.722
81.163628 101.671
81.751770 101.626
82.344177 101.587
82.940880 101.556
83.541901 101.532
84.147285 101.516
84.757050 101.506
85.371231 101.501
85.989868 101.498
86.612984 101.493
87.240616 101.483
87.872803 101.468
88.509560 101.445
89.150940 101.416
89.796967 101.381
90.447670 101.339
91.103088 101.293
91.763260 101.243
92.428215 101.190
93.097992 101.134
93.772614 101.076
94.452133 101.017
95.136566 100.956
95.825966 100.894
96.520363 100.830
97.219788 100.767
97.924286 100.704
98.633881 100.643
99.348625 100.582
100.068542 100.522
100.793686 100.462
101.524078 100.404
102.259766 100.347
103.000778 100.291
103.747162 100.236
104.498962 100.180
105.256203 100.124
106.018929 100.068
106.787186 100.012
107.561012 99.957
108.340446 99.903
109.125526 99.850
109.916290 99.799
110.712791 99.749
111.515060 99.699
112.323143 99.650
113.137085 99.604
113.956924 99.561
114.782700 99.519
115.614464 99.478
116.452255 99.438
117.296112 99.398
118.146095 99.358
119.002228 99.320
119.864563 99.283
120.733154 99.248
121.608040 99.214
122.489258 99.182
123.376869 99.151
124.270905 99.120
125.171425 99.090
126.078468 99.060
126.992081 99.030
127.912323 99.001
128.839233 98.973
129.772842 98.947
130.713242 98.922
131.660431 98.898
132.614502 98.875
133.575485 98.853
134.543427 98.832
135.518387 98.813
136.500412 98.795
137.489548 98.778
138.485855 98.761
139.489380 98.745
140.500168 98.730
141.518295 98.717
142.543793 98.705
143.576721 98.694
144.617142 98.685
145.665100 98.677
146.720642 98.670
147.783844 98.664
148.854752 98.658
149.933411 98.653
151.019897 98.650
152.114243 98.648
153.216522 98.646
154.326797 98.646
155.445114 98.648
156.571533 98.652
157.706116 98.658
158.848923 98.665
160.000000 98.674
161.159424 98.684
162.327255 98.695
163.503540 98.707
164.688354 98.719
165.881760 98.732
167.083801 98.748
168.294571 98.766
169.514099 98.787
170.742462 98.809
171.979736 98.831
173.225967 98.851
174.481232 98.869
175.745605 98.884
177.019119 98.895
178.301880 98.902
179.593933 98.905
180.895340 98.904
182.206177 98.899
183.526520 98.892
184.856430 98.885
186.195984 98.879
187.545227 98.874
188.904266 98.871
190.273132 98.869
191.651932 98.871
193.040726 98.874
194.439575 98.880
195.848572 98.889
197.267761 98.902
198.697250 98.918
200.137085 98.939
201.587372 98.962
203.048157 98.988
204.519531 99.015
206.001556 99.042
207.494324 99.069
208.997925 99.095
210.512405 99.119
212.037857 99.141
213.574371 99.161
215.122025 99.179
216.680893 99.197
218.251053 99.213
219.832581 99.230
221.425583 99.246
223.030121 99.262
224.646286 99.277
226.274170 99.291
227.913849 99.304
229.565399 99.316
231.228928 99.328
232.904510 99.340
234.592224 99.352
236.292191 99.364
238.004456 99.376
239.729126 99.387
241.466309 99.397
243.216080 99.407
244.978516 99.416
246.753738 99.425
248.541809 99.434
250.342850 99.442
252.156937 99.451
253.984161 99.460
255.824646 99.468
257.678467 99.475
259.545685 99.482
261.426483 99.489
263.320862 99.495
265.229004 99.501
267.150970 99.507
269.086853 99.513
271.036774 99.519
273.000824 99.523
274.979095 99.528
276.971710 99.531
278.978760 99.534
281.000336 99.537
283.036591 99.540
285.087585 99.542
287.153442 99.544
289.234283 99.545
291.330200 99.545
293.441284 99.545
295.567688 99.545
297.709503 99.545
299.866821 99.546
302.039795 99.545
304.228485 99.545
306.433044 99.544
308.653595 99.543
310.890228 99.541
313.143066 99.539
315.412231 99.536
317.697845 99.533
320.000000 99.530
322.318848 99.527
324.654510 99.524
327.007080 99.519
329.376709 99.515
331.763519 99.510
334.167603 99.505
336.589142 99.500
339.028198 99.494
341.484924 99.487
343.959473 99.480
346.451935 99.473
348.962463 99.465
351.491211 99.457
354.038239 99.449
356.603760 99.440
359.187866 99.431
361.790680 99.422
364.412354 99.412
367.053040 99.402
369.712860 99.392
372.391968 99.381
375.090454 99.369
377.808533 99.357
380.546265 99.345
383.303864 99.332
386.081451 99.319
388.879150 99.305
391.697144 99.291
394.535522 99.276
397.394501 99.262
400.274170 99.247
403.174744 99.232
406.096313 99.217
409.039062 99.202
412.003113 99.186
414.988647 99.171
417.995850 99.155
421.024811 99.138
424.075714 99.122
427.148743 99.105
430.244049 99.089
433.361786 99.072
436.502106 99.054
439.665161 99.037
442.851166 99.019
446.060242 99.000
449.292572 98.981
452.548340 98.961
455.827698 98.942
459.130798 98.922
462.457855 98.902
465.809021 98.883
469.184448 98.863
472.584381 98.843
476.008911 98.823
479.458252 98.802
482.932617 98.781
486.432159 98.760
489.957031 98.738
493.507477 98.716
497.083618 98.693
500.685699 98.671
504.313873 98.649
507.968323 98.627
511.649292 98.605
515.356934 98.582
519.091370 98.560
522.852966 98.536
526.641724 98.513
530.458008 98.489
534.301941 98.464
538.173706 98.440
542.073547 98.416
546.001648 98.392
549.958191 98.368
553.943420 98.344
557.957520 98.319
562.000671 98.294
566.073181 98.269
570.175171 98.243
574.306885 98.218
578.468567 98.193
582.660400 98.168
586.882568 98.142
591.135376 98.116
595.419006 98.091
599.733643 98.065
604.079590 98.039
608.456970 98.013
612.866089 97.986
617.307190 97.960
621.780457 97.934
626.286133 97.908
630.824463 97.883
635.395691 97.859
640.000000 97.834
644.637695 97.810
649.309021 97.785
654.014160 97.761
658.753418 97.737
663.527039 97.712
668.335205 97.687
673.178284 97.663
678.056396 97.639
682.969849 97.616
687.918945 97.593
692.903870 97.571
697.924927 97.548
702.982422 97.527
708.076477 97.506
713.207520 97.485
718.375732 97.465
723.581360 97.444
728.824707 97.424
734.106079 97.404
739.425720 97.385
744.783936 97.366
750.180908 97.347
755.617065 97.330
761.092529 97.313
766.607727 97.296
772.162903 97.280
777.758301 97.265
783.394287 97.250
789.071045 97.237
794.789001 97.224
800.548340 97.212
806.349487 97.199
812.192627 97.186
818.078125 97.174
824.006226 97.161
829.977295 97.148
835.991699 97.134
842.049622 97.122
848.151428 97.112
854.297485 97.106
860.488098 97.104
866.723572 97.102
873.004211 97.098
879.330322 97.090
885.702332 97.077
892.120483 97.064
898.585144 97.054
905.096680 97.050
911.655396 97.053
918.261597 97.060
924.915710 97.070
931.618042 97.082
938.368896 97.095
945.168762 97.108
952.017822 97.120
958.916504 97.130
965.865234 97.139
972.864319 97.149
979.914062 97.157
987.014954 97.164
994.167236 97.171
1001.371399 97.175
1008.627747 97.178
1015.936646 97.180
1023.298584 97.182
1030.713867 97.185
1038.182739 97.190
1045.705933 97.197
1053.283447 97.207
1060.916016 97.220
1068.603882 97.236
1076.347412 97.255
1084.147095 97.277
1092.003296 97.302
1099.916382 97.329
1107.886841 97.358
1115.915039 97.387
1124.001343 97.417
1132.146362 97.446
1140.350342 97.472
1148.613770 97.495
1156.937134 97.515
1165.320801 97.531
1173.765137 97.544
1182.270752 97.556
1190.838013 97.565
1199.467285 97.573
1208.159180 97.580
1216.913940 97.586
1225.732178 97.592
1234.614380 97.597
1243.560913 97.603
1252.572266 97.609
1261.648926 97.615
1270.791382 97.622
1280.000000 97.628
1289.275391 97.635
1298.618042 97.643
1308.028320 97.650
1317.506836 97.658
1327.054077 97.666
1336.670410 97.674
1346.356567 97.681
1356.112793 97.689
1365.939697 97.698
1375.837891 97.707
1385.807739 97.717
1395.849854 97.727
1405.964844 97.737
1416.152954 97.749
1426.415039 97.762
1436.751465 97.775
1447.162720 97.789
1457.649414 97.804
1468.212158 97.819
1478.851440 97.835
1489.567871 97.852
1500.361816 97.869
1511.234131 97.887
1522.185059 97.906
1533.215454 97.925
1544.325806 97.945
1555.516602 97.965
1566.788574 97.987
1578.142090 98.010
1589.578003 98.035
1601.096680 98.061
1612.698975 98.088
1624.385254 98.117
1636.156250 98.146
1648.012451 98.177
1659.954590 98.209
1671.983398 98.242
1684.099243 98.276
1696.302856 98.312
1708.594971 98.350
1720.976196 98.389
1733.447144 98.431
1746.008423 98.474
1758.660645 98.517
1771.404663 98.562
1784.240967 98.606
1797.170288 98.651
1810.193359 98.697
1823.310791 98.744
1836.523193 98.794
1849.831421 98.845
1863.236084 98.899
1876.737793 98.953
1890.337524 99.009
1904.035645 99.067
1917.833008 99.126
1931.730469 99.187
1945.728638 99.249
1959.828125 99.313
1974.029907 99.379
1988.334473 99.447
2002.742798 99.517
2017.255493 99.589
2031.873291 99.663
2046.597168 99.738
2061.427734 99.816
2076.365479 99.895
2091.411865 99.976
2106.566895 100.059
2121.832031 100.144
2137.207764 100.232
2152.694824 100.323
2168.294189 100.416
2184.006592 100.513
2199.832764 100.614
2215.773682 100.719
2231.830078 100.829
2248.002686 100.944
2264.292725 101.063
2280.700684 101.185
2297.227539 101.311
2313.874268 101.438
2330.641602 101.565
2347.530273 101.692
2364.541504 101.818
2381.676025 101.943
2398.934570 102.070
2416.318359 102.197
2433.827881 102.328
2451.464355 102.462
2469.228760 102.599
2487.121826 102.741
2505.144531 102.884
2523.297852 103.028
2541.582764 103.169
2560.000000 103.304
2578.550781 103.431
2597.236084 103.547
2616.056641 103.653
2635.013672 103.746
2654.108154 103.827
2673.340820 103.896
2692.713135 103.952
2712.225586 103.997
2731.879395 104.030
2751.675781 104.052
2771.615479 104.063
2791.699707 104.064
2811.929688 104.056
2832.305908 104.040
2852.830078 104.016
2873.502930 103.987
2894.325439 103.952
2915.298828 103.913
2936.424316 103.870
2957.702881 103.822
2979.135742 103.770
3000.723633 103.713
3022.468262 103.652
3044.370117 103.585
3066.430908 103.513
3088.651611 103.435
3111.033203 103.351
3133.577148 103.261
3156.284180 103.165
3179.156006 103.063
3202.193359 102.955
3225.397949 102.840
3248.770508 102.719
3272.312500 102.590
3296.024902 102.455
3319.909180 102.315
3343.966797 102.168
3368.198486 102.018
3392.605713 101.867
3417.189941 101.719
3441.952393 101.576
3466.894287 101.444
3492.016846 101.323
3517.321289 101.214
3542.809326 101.116
3568.481934 101.027
3594.340576 100.946
3620.386719 100.868
3646.621582 100.793
3673.046387 100.717
3699.662842 100.642
3726.472168 100.564
3753.475586 100.485
3780.675049 100.404
3808.071289 100.323
3835.666016 100.244
3863.460938 100.165
3891.457275 100.089
3919.656250 100.015
3948.059814 99.946
3976.668945 99.884
4005.485596 99.831
4034.510986 99.788
4063.746582 99.754
4093.194336 99.729
4122.855469 99.714
4152.730957 99.708
4182.823730 99.710
4213.133789 99.718
4243.664062 99.730
4274.415527 99.747
4305.389648 99.767
4336.588379 99.791
4368.013184 99.817
4399.665527 99.847
4431.547363 99.879
4463.660156 99.915
4496.005371 99.954
4528.585449 99.996
4561.401367 100.041
4594.455078 100.088
4627.748535 100.137
4661.283203 100.189
4695.060547 100.243
4729.083008 100.301
4763.352051 100.364
4797.869141 100.431
4832.636719 100.504
4867.655762 100.583
4902.928711 100.668
4938.457520 100.761
4974.243652 100.863
5010.289062 100.975
5046.595703 101.099
5083.165527 101.236
5120.000000 101.384
5157.101562 101.544
5194.472168 101.714
5232.113281 101.893
5270.027344 102.080
5308.216309 102.275
5346.681641 102.478
5385.426270 102.689
5424.451172 102.907
5463.758789 103.134
5503.351562 103.371
5543.230957 103.618
5583.399414 103.875
5623.859375 104.139
5664.611816 104.406
5705.660156 104.668
5747.005859 104.910
5788.650879 105.111
5830.597656 105.246
5872.848633 105.291
5915.405762 105.230
5958.271484 105.063
6001.447266 104.803
6044.936523 104.469
6088.740234 104.084
6132.861816 103.674
6177.303223 103.267
6222.066406 102.887
6267.154297 102.554
6312.568359 102.276
6358.312012 102.055
6404.386719 101.889
6450.795898 101.774
6497.541016 101.709
6544.625000 101.695
6592.049805 101.732
6639.818359 101.820
6687.933594 101.954
6736.396973 102.131
6785.211426 102.349
6834.379883 102.601
6883.904785 102.882
6933.788574 103.182
6984.033691 103.487
7034.642578 103.778
7085.618652 104.034
7136.963867 104.228
7188.681152 104.335
7240.773438 104.331
7293.243164 104.199
7346.092773 103.930
7399.325684 103.528
7452.944336 103.008
7506.951172 102.397
7561.350098 101.722
7616.142578 101.007
7671.332031 100.274
7726.921875 99.546
7782.914551 98.841
7839.312500 98.172
7896.119629 97.537
7953.337891 96.929
8010.971191 96.337
8069.021973 95.752
8127.493164 95.173
8186.388672 94.601
8245.710938 94.032
8305.461914 93.459
8365.647461 92.878
8426.267578 92.296
8487.328125 91.741
8548.831055 91.269
8610.779297 90.928
8673.176758 90.704
8736.026367 90.524
8799.331055 90.312
8863.094727 90.030
8927.320312 89.681
8992.010742 89.289
9057.170898 88.888
9122.802734 88.520
9188.910156 88.236
9255.497070 88.077
9322.566406 88.047
9390.121094 88.110
9458.166016 88.209
9526.704102 88.292
9595.738281 88.337
9665.273438 88.371
9735.311523 88.461
9805.857422 88.635
9876.915039 88.865
9948.487305 89.116
10020.578125 89.374
10093.191406 89.640
10166.331055 89.924
10240.000000 90.237
10314.203125 90.593
10388.944336 91.005
10464.226562 91.482
10540.054688 92.030
10616.432617 92.643
10693.363281 93.311
10770.852539 94.012
10848.902344 94.722
10927.517578 95.416
11006.703125 96.069
11086.461914 96.660
11166.798828 97.168
11247.718750 97.577
11329.223633 97.879
11411.320312 98.064
11494.011719 98.128
11577.301758 98.067
11661.195312 97.891
11745.697266 97.624
11830.811523 97.297
11916.542969 96.939
12002.894531 96.576
12089.873047 96.223
12177.480469 95.889
12265.723633 95.576
12354.606445 95.279
12444.132812 94.989
12534.308594 94.692
12625.136719 94.376
12716.624023 94.026
12808.773438 93.633
12901.591797 93.190
12995.082031 92.696
13089.250000 92.155
13184.099609 91.577
13279.636719 90.977
13375.867188 90.378
13472.793945 89.809
13570.422852 89.294
13668.759766 88.852
13767.809570 88.492
13867.577148 88.220
13968.067383 88.042
14069.285156 87.956
14171.237305 87.936
14273.927734 87.937
14377.362305 87.923
14481.546875 87.869
14586.486328 87.768
14692.185547 87.636
14798.651367 87.502
14905.888672 87.393
15013.902344 87.333
15122.700195 87.340
15232.285156 87.436
15342.664062 87.647
15453.843750 87.994
15565.829102 88.497
15678.625000 89.162
15792.239258 89.984
15906.675781 90.942
16021.942383 91.998
16138.043945 93.092
16254.986328 94.153
16372.777344 95.088
16491.421875 95.784
16610.923828 96.135
16731.294922 96.105
16852.535156 95.753
16974.656250 95.212
17097.662109 94.643
17221.558594 94.176
17346.353516 93.862
17472.052734 93.647
17598.662109 93.398
17726.189453 92.953
17854.640625 92.181
17984.021484 91.026
18114.341797 89.515
18245.605469 87.740
18377.820312 85.834
18510.994141 83.946
18645.132812 82.194
18780.242188 80.604
18916.332031 79.108
19053.408203 77.653
19191.476562 76.321
19330.546875 75.293
19470.623047 74.663
19611.714844 74.357
19753.830078 74.238
19896.974609 74.205
