20.000000 109.192
20.144928 109.190
20.290907 109.188
20.437943 109.185
20.586044 109.183
20.735220 109.180
20.885475 109.177
21.036821 109.173
21.189262 109.170
21.342808 109.166
21.497467 109.162
21.653246 109.158
21.810154 109.154
21.968201 109.149
22.127390 109.145
22.287735 109.139
22.449242 109.134
22.611917 109.128
22.775772 109.121
22.940815 109.114
23.107054 109.106
23.274498 109.098
23.443153 109.090
23.613033 109.081
23.784142 109.073
23.956491 109.065
24.130091 109.057
24.304947 109.049
24.481071 109.041
24.658470 109.032
24.837156 109.022
25.017136 109.012
25.198421 109.000
25.381020 108.989
25.564941 108.976
25.750195 108.963
25.936790 108.949
26.124741 108.935
26.314051 108.921
26.504732 108.907
26.696796 108.893
26.890253 108.880
27.085112 108.866
27.281382 108.853
27.479073 108.839
27.678198 108.826
27.878765 108.812
28.080786 108.798
28.284271 108.783
28.489231 108.768
28.695675 108.752
28.903616 108.735
29.113064 108.718
29.324028 108.700
29.536524 108.682
29.750557 108.663
29.966141 108.645
30.183289 108.627
30.402010 108.608
30.622314 108.589
30.844217 108.569
31.067726 108.548
31.292856 108.527
31.519617 108.506
31.748020 108.484
31.978081 108.463
32.209808 108.442
32.443211 108.421
32.678310 108.400
32.915108 108.379
33.153625 108.356
33.393871 108.332
33.635857 108.305
33.879597 108.277
34.125103 108.249
34.372387 108.221
34.621464 108.195
34.872345 108.171
35.125042 108.149
35.379574 108.129
35.635948 108.109
35.894180 108.087
36.154285 108.063
36.416275 108.035
36.680161 108.003
36.945961 107.969
37.213688 107.934
37.483353 107.899
37.754974 107.865
38.028561 107.832
38.304131 107.801
38.581699 107.770
38.861279 107.740
39.142883 107.709
39.426529 107.678
39.712231 107.646
40.000000 107.613
40.289856 107.578
40.581814 107.542
40.875885 107.505
41.172089 107.467
41.470440 107.430
41.770950 107.393
42.073643 107.356
42.378525 107.319
42.685616 107.281
42.994934 107.243
43.306492 107.204
43.620308 107.164
43.936401 107.123
44.254780 107.083
44.575470 107.042
44.898483 107.000
45.223835 106.957
45.551544 106.913
45.881630 106.867
46.214108 106.820
46.548996 106.772
46.886307 106.723
47.226067 106.674
47.568283 106.626
47.912983 106.580
48.260181 106.534
48.609894 106.488
48.962143 106.440
49.316940 106.390
49.674313 106.337
50.034271 106.282
50.396843 106.226
50.762039 106.171
51.129883 106.114
51.500389 106.057
51.873581 105.998
52.249481 105.937
52.628101 105.874
53.009464 105.810
53.393593 105.744
53.780506 105.675
54.170223 105.605
54.562763 105.533
54.958145 105.460
55.356396 105.388
55.757530 105.314
56.161572 105.237
56.568542 105.154
56.978462 105.065
57.391350 104.973
57.807232 104.877
58.226128 104.777
58.648056 104.671
59.073048 104.556
59.501114 104.435
59.932281 104.310
60.366577 104.188
60.804020 104.073
61.244629 103.966
61.688435 103.872
62.135452 103.801
62.585712 103.771
63.039234 103.803
63.496040 103.919
63.956161 104.127
64.419617 104.416
64.886421 104.754
65.356621 105.100
65.830215 105.410
66.307251 105.656
66.787743 105.826
67.271713 105.922
67.759193 105.954
68.250206 105.935
68.744774 105.875
69.242928 105.786
69.744690 105.681
70.250084 105.570
70.759148 105.459
71.271896 105.348
71.788361 105.236
72.308571 105.126
72.832550 105.018
73.360321 104.914
73.891922 104.813
74.427376 104.714
74.966705 104.617
75.509949 104.523
76.057121 104.432
76.608261 104.343
77.163399 104.255
77.722557 104.169
78.285767 104.084
78.853058 103.999
79.424461 103.916
80.000000 103.835
80.579712 103.755
81.163628 103.675
81.751770 103.594
82.344177 103.512
82.940880 103.432
83.541901 103.352
84.147285 103.275
84.757050 103.200
85.371231 103.125
85.989868 103.050
86.612984 102.976
87.240616 102.903
87.872803 102.830
88.509560 102.757
89.150940 102.683
89.796967 102.609
90.447670 102.535
91.103088 102.462
91.763260 102.390
92.428215 102.318
93.097992 102.247
93.772614 102.176
94.452133 102.105
95.136566 102.034
95.825966 101.963
96.520363 101.892
97.219788 101.821
97.924286 101.751
98.633881 101.682
99.348625 101.613
100.068542 101.546
100.793686 101.480
101.524078 101.415
102.259766 101.351
103.000778 101.289
103.747162 101.227
104.498962 101.166
105.256203 101.106
106.018929 101.047
106.787186 100.989
107.561012 100.933
108.340446 100.878
109.125526 100.824
109.916290 100.771
110.712791 100.719
111.515060 100.668
112.323143 100.617
113.137085 100.566
113.956924 100.516
114.782700 100.465
115.614464 100.416
116.452255 100.367
117.296112 100.319
118.146095 100.273
119.002228 100.228
119.864563 100.185
120.733154 100.143
121.608040 100.102
122.489258 100.063
123.376869 100.025
124.270905 99.989
125.171425 99.954
126.078468 99.921
126.992081 99.889
127.912323 99.857
128.839233 99.827
129.772842 99.798
130.713242 99.771
131.660431 99.745
132.614502 99.720
133.575485 99.697
134.543427 99.674
135.518387 99.651
136.500412 99.628
137.489548 99.604
138.485855 99.581
139.489380 99.559
140.500168 99.538
141.518295 99.518
142.543793 99.498
143.576721 99.478
144.617142 99.459
145.665100 99.439
146.720642 99.421
147.783844 99.403
148.854752 99.386
149.933411 99.370
151.019897 99.354
152.114243 99.338
153.216522 99.322
154.326797 99.307
155.445114 99.292
156.571533 99.278
157.706116 99.265
158.848923 99.252
160.000000 99.242
161.159424 99.236
162.327255 99.234
163.503540 99.238
164.688354 99.252
165.881760 99.276
167.083801 99.312
168.294571 99.364
169.514099 99.430
170.742462 99.510
171.979736 99.601
173.225967 99.699
174.481232 99.798
175.745605 99.892
177.019119 99.976
178.301880 100.047
179.593933 100.103
180.895340 100.142
182.206177 100.166
183.526520 100.178
184.856430 100.180
186.195984 100.176
187.545227 100.168
188.904266 100.157
190.273132 100.145
191.651932 100.134
193.040726 100.123
194.439575 100.116
195.848572 100.112
197.267761 100.112
198.697250 100.116
200.137085 100.125
201.587372 100.137
203.048157 100.152
204.519531 100.169
206.001556 100.186
207.494324 100.203
208.997925 100.221
210.512405 100.238
212.037857 100.254
213.574371 100.269
215.122025 100.282
216.680893 100.294
218.251053 100.306
219.832581 100.317
221.425583 100.327
223.030121 100.337
224.646286 100.347
226.274170 100.357
227.913849 100.366
229.565399 100.375
231.228928 100.384
232.904510 100.392
234.592224 100.401
236.292191 100.410
238.004456 100.419
239.729126 100.427
241.466309 100.435
243.216080 100.443
244.978516 100.450
246.753738 100.457
248.541809 100.463
250.342850 100.469
252.156937 100.476
253.984161 100.482
255.824646 100.488
257.678467 100.495
259.545685 100.500
261.426483 100.506
263.320862 100.511
265.229004 100.516
267.150970 100.521
269.086853 100.526
271.036774 100.530
273.000824 100.534
274.979095 100.537
276.971710 100.540
278.978760 100.542
281.000336 100.544
283.036591 100.546
285.087585 100.547
287.153442 100.548
289.234283 100.549
291.330200 100.549
293.441284 100.549
295.567688 100.548
297.709503 100.548
299.866821 100.547
302.039795 100.546
304.228485 100.545
306.433044 100.543
308.653595 100.540
310.890228 100.538
313.143066 100.535
315.412231 100.531
317.697845 100.527
320.000000 100.523
322.318848 100.518
324.654510 100.513
327.007080 100.508
329.376709 100.502
331.763519 100.495
334.167603 100.489
336.589142 100.482
339.028198 100.475
341.484924 100.467
343.959473 100.460
346.451935 100.452
348.962463 100.444
351.491211 100.434
354.038239 100.424
356.603760 100.414
359.187866 100.403
361.790680 100.393
364.412354 100.382
367.053040 100.371
369.712860 100.360
372.391968 100.348
375.090454 100.336
377.808533 100.324
380.546265 100.311
383.303864 100.298
386.081451 100.284
388.879150 100.270
391.697144 100.256
394.535522 100.241
397.394501 100.226
400.274170 100.211
403.174744 100.195
406.096313 100.178
409.039062 100.162
412.003113 100.146
414.988647 100.129
417.995850 100.112
421.024811 100.095
424.075714 100.077
427.148743 100.060
430.244049 100.042
433.361786 100.023
436.502106 100.005
439.665161 99.986
442.851166 99.967
446.060242 99.948
449.292572 99.928
452.548340 99.907
455.827698 99.887
459.130798 99.866
462.457855 99.845
465.809021 99.824
469.184448 99.803
472.584381 99.782
476.008911 99.760
479.458252 99.739
482.932617 99.717
486.432159 99.694
489.957031 99.670
493.507477 99.647
497.083618 99.624
500.685699 99.601
504.313873 99.579
507.968323 99.556
511.649292 99.533
515.356934 99.509
519.091370 99.485
522.852966 99.461
526.641724 99.436
530.458008 99.412
534.301941 99.387
538.173706 99.362
542.073547 99.337
546.001648 99.312
549.958191 99.287
553.943420 99.261
557.957520 99.236
562.000671 99.210
566.073181 99.184
570.175171 99.159
574.306885 99.133
578.468567 99.107
582.660400 99.082
586.882568 99.057
591.135376 99.031
595.419006 99.006
599.733643 98.980
604.079590 98.954
608.456970 98.928
612.866089 98.902
617.307190 98.876
621.780457 98.851
626.286133 98.825
630.824463 98.800
635.395691 98.774
640.000000 98.749
644.637695 98.723
649.309021 98.698
654.014160 98.673
658.753418 98.648
663.527039 98.624
668.335205 98.600
673.178284 98.576
678.056396 98.552
682.969849 98.528
687.918945 98.504
692.903870 98.480
697.924927 98.457
702.982422 98.434
708.076477 98.412
713.207520 98.389
718.375732 98.367
723.581360 98.346
728.824707 98.325
734.106079 98.304
739.425720 98.283
744.783936 98.263
750.180908 98.243
755.617065 98.225
761.092529 98.207
766.607727 98.189
772.162903 98.173
777.758301 98.157
783.394287 98.143
789.071045 98.129
794.789001 98.116
800.548340 98.104
806.349487 98.091
812.192627 98.078
818.078125 98.066
824.006226 98.052
829.977295 98.039
835.991699 98.025
842.049622 98.013
848.151428 98.004
854.297485 97.998
860.488098 97.996
866.723572 97.994
873.004211 97.990
879.330322 97.981
885.702332 97.969
892.120483 97.957
898.585144 97.949
905.096680 97.947
911.655396 97.951
918.261597 97.960
924.915710 97.971
931.618042 97.985
938.368896 97.999
945.168762 98.014
952.017822 98.028
958.916504 98.041
965.865234 98.053
972.864319 98.064
979.914062 98.076
987.014954 98.086
994.167236 98.096
1001.371399 98.105
1008.627747 98.112
1015.936646 98.118
1023.298584 98.126
1030.713867 98.135
1038.182739 98.145
1045.705933 98.158
1053.283447 98.173
1060.916016 98.191
1068.603882 98.213
1076.347412 98.238
1084.147095 98.266
1092.003296 98.297
1099.916382 98.330
1107.886841 98.365
1115.915039 98.401
1124.001343 98.437
1132.146362 98.473
1140.350342 98.506
1148.613770 98.536
1156.937134 98.563
1165.320801 98.586
1173.765137 98.606
1182.270752 98.623
1190.838013 98.639
1199.467285 98.654
1208.159180 98.668
1216.913940 98.681
1225.732178 98.694
1234.614380 98.706
1243.560913 98.719
1252.572266 98.731
1261.648926 98.744
1270.791382 98.757
1280.000000 98.770
1289.275391 98.783
1298.618042 98.795
1308.028320 98.807
1317.506836 98.819
1327.054077 98.831
1336.670410 98.843
1346.356567 98.856
1356.112793 98.868
1365.939697 98.880
1375.837891 98.893
1385.807739 98.905
1395.849854 98.918
1405.964844 98.933
1416.152954 98.948
1426.415039 98.963
1436.751465 98.979
1447.162720 98.995
1457.649414 99.011
1468.212158 99.028
1478.851440 99.045
1489.567871 99.062
1500.361816 99.080
1511.234131 99.099
1522.185059 99.118
1533.215454 99.137
1544.325806 99.158
1555.516602 99.179
1566.788574 99.200
1578.142090 99.223
1589.578003 99.246
1601.096680 99.271
1612.698975 99.296
1624.385254 99.322
1636.156250 99.349
1648.012451 99.377
1659.954590 99.407
1671.983398 99.437
1684.099243 99.468
1696.302856 99.500
1708.594971 99.534
1720.976196 99.568
1733.447144 99.604
1746.008423 99.641
1758.660645 99.679
1771.404663 99.718
1784.240967 99.757
1797.170288 99.797
1810.193359 99.839
1823.310791 99.882
1836.523193 99.926
1849.831421 99.972
1863.236084 100.018
1876.737793 100.066
1890.337524 100.114
1904.035645 100.164
1917.833008 100.215
1931.730469 100.266
1945.728638 100.319
1959.828125 100.372
1974.029907 100.427
1988.334473 100.483
2002.742798 100.540
2017.255493 100.599
2031.873291 100.660
2046.597168 100.724
2061.427734 100.793
2076.365479 100.868
2091.411865 100.951
2106.566895 101.045
2121.832031 101.151
2137.207764 101.268
2152.694824 101.394
2168.294189 101.524
2184.006592 101.654
2199.832764 101.781
2215.773682 101.902
2231.830078 102.017
2248.002686 102.126
2264.292725 102.231
2280.700684 102.334
2297.227539 102.434
2313.874268 102.533
2330.641602 102.632
2347.530273 102.731
2364.541504 102.831
2381.676025 102.930
2398.934570 103.030
2416.318359 103.129
2433.827881 103.229
2451.464355 103.328
2469.228760 103.428
2487.121826 103.528
2505.144531 103.628
2523.297852 103.728
2541.582764 103.827
2560.000000 103.924
2578.550781 104.018
2597.236084 104.105
2616.056641 104.186
2635.013672 104.257
2654.108154 104.318
2673.340820 104.369
2692.713135 104.409
2712.225586 104.439
2731.879395 104.458
2751.675781 104.468
2771.615479 104.469
2791.699707 104.461
2811.929688 104.445
2832.305908 104.422
2852.830078 104.392
2873.502930 104.357
2894.325439 104.316
2915.298828 104.271
2936.424316 104.221
2957.702881 104.167
2979.135742 104.108
3000.723633 104.045
3022.468262 103.977
3044.370117 103.904
3066.430908 103.826
3088.651611 103.744
3111.033203 103.657
3133.577148 103.565
3156.284180 103.470
3179.156006 103.371
3202.193359 103.268
3225.397949 103.162
3248.770508 103.051
3272.312500 102.937
3296.024902 102.821
3319.909180 102.701
3343.966797 102.580
3368.198486 102.456
3392.605713 102.331
3417.189941 102.207
3441.952393 102.084
3466.894287 101.963
3492.016846 101.846
3517.321289 101.730
3542.809326 101.615
3568.481934 101.500
3594.340576 101.386
3620.386719 101.269
3646.621582 101.149
3673.046387 101.025
3699.662842 100.896
3726.472168 100.762
3753.475586 100.624
3780.675049 100.482
3808.071289 100.339
3835.666016 100.198
3863.460938 100.062
3891.457275 99.932
3919.656250 99.810
3948.059814 99.698
3976.668945 99.597
4005.485596 99.508
4034.510986 99.429
4063.746582 99.360
4093.194336 99.299
4122.855469 99.246
4152.730957 99.201
4182.823730 99.163
4213.133789 99.129
4243.664062 99.098
4274.415527 99.069
4305.389648 99.044
4336.588379 99.021
4368.013184 99.001
4399.665527 98.982
4431.547363 98.965
4463.660156 98.950
4496.005371 98.934
4528.585449 98.918
4561.401367 98.900
4594.455078 98.881
4627.748535 98.860
4661.283203 98.838
4695.060547 98.815
4729.083008 98.792
4763.352051 98.772
4797.869141 98.757
4832.636719 98.749
4867.655762 98.750
4902.928711 98.763
4938.457520 98.789
4974.243652 98.828
5010.289062 98.880
5046.595703 98.946
5083.165527 99.023
5120.000000 99.111
5157.101562 99.210
5194.472168 99.318
5232.113281 99.435
5270.027344 99.562
5308.216309 99.701
5346.681641 99.851
5385.426270 100.015
5424.451172 100.192
5463.758789 100.384
5503.351562 100.589
5543.230957 100.804
5583.399414 101.023
5623.859375 101.235
5664.611816 101.424
5705.660156 101.570
5747.005859 101.649
5788.650879 101.638
5830.597656 101.519
5872.848633 101.285
5915.405762 100.940
5958.271484 100.501
6001.447266 99.995
6044.936523 99.451
6088.740234 98.898
6132.861816 98.357
6177.303223 97.845
6222.066406 97.371
6267.154297 96.940
6312.568359 96.555
6358.312012 96.212
6404.386719 95.908
6450.795898 95.639
6497.541016 95.402
6544.625000 95.191
6592.049805 95.005
6639.818359 94.842
6687.933594 94.700
6736.396973 94.580
6785.211426 94.481
6834.379883 94.402
6883.904785 94.342
6933.788574 94.302
6984.033691 94.281
7034.642578 94.278
7085.618652 94.295
7136.963867 94.330
7188.681152 94.387
7240.773438 94.469
7293.243164 94.582
7346.092773 94.731
7399.325684 94.916
7452.944336 95.140
7506.951172 95.414
7561.350098 95.742
7616.142578 96.114
7671.332031 96.528
7726.921875 96.991
7782.914551 97.506
7839.312500 98.071
7896.119629 98.671
7953.337891 99.287
8010.971191 99.898
8069.021973 100.487
8127.493164 101.031
8186.388672 101.502
8245.710938 101.863
8305.461914 102.081
8365.647461 102.135
8426.267578 102.017
8487.328125 101.729
8548.831055 101.290
8610.779297 100.753
8673.176758 100.187
8736.026367 99.622
8799.331055 99.026
8863.094727 98.349
8927.320312 97.576
8992.010742 96.729
9057.170898 95.850
9122.802734 94.989
9188.910156 94.198
9255.497070 93.524
9322.566406 92.983
9390.121094 92.559
9458.166016 92.224
9526.704102 91.950
9595.738281 91.709
9665.273438 91.478
9735.311523 91.250
9805.857422 91.032
9876.915039 90.839
9948.487305 90.691
10020.578125 90.605
10093.191406 90.584
10166.331055 90.615
10240.000000 90.666
10314.203125 90.696
10388.944336 90.672
10464.226562 90.599
10540.054688 90.514
10616.432617 90.461
10693.363281 90.470
10770.852539 90.554
10848.902344 90.711
10927.517578 90.936
11006.703125 91.222
11086.461914 91.563
11166.798828 91.948
11247.718750 92.365
11329.223633 92.799
11411.320312 93.235
11494.011719 93.661
11577.301758 94.053
11661.195312 94.381
11745.697266 94.607
11830.811523 94.701
11916.542969 94.639
12002.894531 94.416
12089.873047 94.038
12177.480469 93.526
12265.723633 92.917
12354.606445 92.273
12444.132812 91.696
12534.308594 91.319
12625.136719 91.242
12716.624023 91.411
12808.773438 91.624
12901.591797 91.688
12995.082031 91.534
13089.250000 91.197
13184.099609 90.749
13279.636719 90.259
13375.867188 89.779
13472.793945 89.341
13570.422852 88.966
13668.759766 88.666
13767.809570 88.446
13867.577148 88.314
13968.067383 88.279
14069.285156 88.348
14171.237305 88.500
14273.927734 88.699
14377.362305 88.903
14481.546875 89.076
14586.486328 89.193
14692.185547 89.253
14798.651367 89.263
14905.888672 89.227
15013.902344 89.128
15122.700195 88.945
15232.285156 88.662
15342.664062 88.284
15453.843750 87.836
15565.829102 87.347
15678.625000 86.851
15792.239258 86.387
15906.675781 86.021
16021.942383 85.852
16138.043945 85.973
16254.986328 86.381
16372.777344 86.943
16491.421875 87.494
16610.923828 87.943
16731.294922 88.295
16852.535156 88.602
16974.656250 88.922
17097.662109 89.300
17221.558594 89.761
17346.353516 90.320
17472.052734 90.980
17598.662109 91.737
17726.189453 92.581
17854.640625 93.492
17984.021484 94.441
18114.341797 95.387
18245.605469 96.280
18377.820312 97.071
18510.994141 97.722
18645.132812 98.209
18780.242188 98.516
18916.332031 98.627
19053.408203 98.524
19191.476562 98.183
19330.546875 97.588
19470.623047 96.744
19611.714844 95.701
19753.830078 94.566
19896.974609 93.549
