20.000000 108.586
20.144928 108.584
20.290907 108.581
20.437943 108.578
20.586044 108.574
20.735220 108.571
20.885475 108.567
21.036821 108.563
21.189262 108.558
21.342808 108.554
21.497467 108.549
21.653246 108.544
21.810154 108.540
21.968201 108.535
22.127390 108.530
22.287735 108.525
22.449242 108.520
22.611917 108.515
22.775772 108.508
22.940815 108.502
23.107054 108.495
23.274498 108.487
23.443153 108.479
23.613033 108.470
23.784142 108.462
23.956491 108.453
24.130091 108.444
24.304947 108.435
24.481071 108.426
24.658470 108.417
24.837156 108.407
25.017136 108.397
25.198421 108.387
25.381020 108.375
25.564941 108.364
25.750195 108.351
25.936790 108.337
26.124741 108.323
26.314051 108.309
26.504732 108.294
26.696796 108.279
26.890253 108.263
27.085112 108.248
27.281382 108.233
27.479073 108.217
27.678198 108.201
27.878765 108.185
28.080786 108.168
28.284271 108.150
28.489231 108.132
28.695675 108.113
28.903616 108.094
29.113064 108.075
29.324028 108.056
29.536524 108.038
29.750557 108.019
29.966141 108.001
30.183289 107.982
30.402010 107.963
30.622314 107.944
30.844217 107.924
31.067726 107.904
31.292856 107.884
31.519617 107.863
31.748020 107.841
31.978081 107.820
32.209808 107.797
32.443211 107.775
32.678310 107.751
32.915108 107.726
33.153625 107.701
33.393871 107.675
33.635857 107.648
33.879597 107.623
34.125103 107.598
34.372387 107.574
34.621464 107.551
34.872345 107.529
35.125042 107.506
35.379574 107.482
35.635948 107.456
35.894180 107.429
36.154285 107.399
36.416275 107.368
36.680161 107.337
36.945961 107.305
37.213688 107.274
37.483353 107.242
37.754974 107.211
38.028561 107.179
38.304131 107.146
38.581699 107.112
38.861279 107.077
39.142883 107.042
39.426529 107.008
39.712231 106.973
40.000000 106.939
40.289856 106.905
40.581814 106.869
40.875885 106.831
41.172089 106.791
41.470440 106.749
41.770950 106.707
42.073643 106.665
42.378525 106.623
42.685616 106.582
42.994934 106.542
43.306492 106.500
43.620308 106.458
43.936401 106.413
44.254780 106.368
44.575470 106.321
44.898483 106.275
45.223835 106.229
45.551544 106.182
45.881630 106.134
46.214108 106.086
46.548996 106.036
46.886307 105.986
47.226067 105.937
47.568283 105.889
47.912983 105.841
48.260181 105.793
48.609894 105.744
48.962143 105.693
49.316940 105.641
49.674313 105.588
50.034271 105.537
50.396843 105.486
50.762039 105.435
51.129883 105.383
51.500389 105.327
51.873581 105.268
52.249481 105.207
52.628101 105.146
53.009464 105.083
53.393593 105.020
53.780506 104.954
54.170223 104.885
54.562763 104.812
54.958145 104.738
55.356396 104.663
55.757530 104.587
56.161572 104.509
56.568542 104.429
56.978462 104.344
57.391350 104.257
57.807232 104.166
58.226128 104.073
58.648056 103.979
59.073048 103.885
59.501114 103.793
59.932281 103.704
60.366577 103.623
60.804020 103.555
61.244629 103.511
61.688435 103.500
62.135452 103.536
62.585712 103.627
63.039234 103.778
63.496040 103.983
63.956161 104.229
64.419617 104.490
64.886421 104.737
65.356621 104.947
65.830215 105.105
66.307251 105.205
66.787743 105.251
67.271713 105.249
67.759193 105.209
68.250206 105.140
68.744774 105.052
69.242928 104.953
69.744690 104.848
70.250084 104.739
70.759148 104.630
71.271896 104.522
71.788361 104.417
72.308571 104.315
72.832550 104.215
73.360321 104.117
73.891922 104.021
74.427376 103.925
74.966705 103.831
75.509949 103.739
76.057121 103.650
76.608261 103.565
77.163399 103.481
77.722557 103.397
78.285767 103.313
78.853058 103.231
79.424461 103.150
80.000000 103.068
80.579712 102.986
81.163628 102.906
81.751770 102.827
82.344177 102.750
82.940880 102.672
83.541901 102.594
84.147285 102.518
84.757050 102.442
85.371231 102.367
85.989868 102.292
86.612984 102.217
87.240616 102.143
87.872803 102.070
88.509560 101.996
89.150940 101.922
89.796967 101.850
90.447670 101.777
91.103088 101.704
91.763260 101.631
92.428215 101.558
93.097992 101.487
93.772614 101.415
94.452133 101.344
95.136566 101.273
95.825966 101.202
96.520363 101.132
97.219788 101.062
97.924286 100.994
98.633881 100.927
99.348625 100.860
100.068542 100.793
100.793686 100.727
101.524078 100.661
102.259766 100.595
103.000778 100.530
103.747162 100.465
104.498962 100.401
105.256203 100.337
106.018929 100.275
106.787186 100.214
107.561012 100.153
108.340446 100.094
109.125526 100.036
109.916290 99.979
110.712791 99.923
111.515060 99.868
112.323143 99.812
113.137085 99.758
113.956924 99.704
114.782700 99.651
115.614464 99.599
116.452255 99.549
117.296112 99.498
118.146095 99.449
119.002228 99.401
119.864563 99.355
120.733154 99.310
121.608040 99.267
122.489258 99.225
123.376869 99.187
124.270905 99.151
125.171425 99.118
126.078468 99.087
126.992081 99.059
127.912323 99.034
128.839233 99.012
129.772842 98.991
130.713242 98.969
131.660431 98.947
132.614502 98.923
133.575485 98.896
134.543427 98.867
135.518387 98.837
136.500412 98.806
137.489548 98.773
138.485855 98.740
139.489380 98.705
140.500168 98.671
141.518295 98.637
142.543793 98.603
143.576721 98.569
144.617142 98.535
145.665100 98.501
146.720642 98.468
147.783844 98.437
148.854752 98.407
149.933411 98.381
151.019897 98.362
152.114243 98.352
153.216522 98.357
154.326797 98.381
155.445114 98.430
156.571533 98.509
157.706116 98.614
158.848923 98.739
160.000000 98.870
161.159424 98.993
162.327255 99.098
163.503540 99.179
164.688354 99.237
165.881760 99.274
167.083801 99.297
168.294571 99.309
169.514099 99.316
170.742462 99.319
171.979736 99.322
173.225967 99.324
174.481232 99.324
175.745605 99.322
177.019119 99.316
178.301880 99.308
179.593933 99.297
180.895340 99.283
182.206177 99.266
183.526520 99.249
184.856430 99.232
186.195984 99.217
187.545227 99.204
188.904266 99.193
190.273132 99.186
191.651932 99.181
193.040726 99.180
194.439575 99.181
195.848572 99.187
197.267761 99.197
198.697250 99.210
200.137085 99.227
201.587372 99.247
203.048157 99.270
204.519531 99.294
206.001556 99.317
207.494324 99.340
208.997925 99.362
210.512405 99.383
212.037857 99.401
213.574371 99.418
215.122025 99.434
216.680893 99.450
218.251053 99.464
219.832581 99.478
221.425583 99.491
223.030121 99.503
224.646286 99.515
226.274170 99.526
227.913849 99.537
229.565399 99.547
231.228928 99.557
232.904510 99.567
234.592224 99.576
236.292191 99.585
238.004456 99.594
239.729126 99.603
241.466309 99.611
243.216080 99.620
244.978516 99.628
246.753738 99.635
248.541809 99.642
250.342850 99.649
252.156937 99.655
253.984161 99.662
255.824646 99.669
257.678467 99.675
259.545685 99.682
261.426483 99.687
263.320862 99.693
265.229004 99.698
267.150970 99.702
269.086853 99.707
271.036774 99.711
273.000824 99.715
274.979095 99.718
276.971710 99.722
278.978760 99.725
281.000336 99.727
283.036591 99.729
285.087585 99.730
287.153442 99.730
289.234283 99.730
291.330200 99.731
293.441284 99.731
295.567688 99.731
297.709503 99.729
299.866821 99.728
302.039795 99.726
304.228485 99.724
306.433044 99.722
308.653595 99.720
310.890228 99.717
313.143066 99.714
315.412231 99.711
317.697845 99.706
320.000000 99.702
322.318848 99.697
324.654510 99.692
327.007080 99.687
329.376709 99.680
331.763519 99.674
334.167603 99.666
336.589142 99.659
339.028198 99.652
341.484924 99.645
343.959473 99.638
346.451935 99.629
348.962463 99.620
351.491211 99.611
354.038239 99.601
356.603760 99.592
359.187866 99.582
361.790680 99.571
364.412354 99.561
367.053040 99.550
369.712860 99.539
372.391968 99.528
375.090454 99.517
377.808533 99.504
380.546265 99.490
383.303864 99.476
386.081451 99.462
388.879150 99.449
391.697144 99.435
394.535522 99.421
397.394501 99.407
400.274170 99.392
403.174744 99.377
406.096313 99.361
409.039062 99.344
412.003113 99.327
414.988647 99.310
417.995850 99.292
421.024811 99.275
424.075714 99.257
427.148743 99.239
430.244049 99.221
433.361786 99.203
436.502106 99.185
439.665161 99.166
442.851166 99.147
446.060242 99.127
449.292572 99.108
452.548340 99.087
455.827698 99.067
459.130798 99.046
462.457855 99.025
465.809021 99.005
469.184448 98.984
472.584381 98.963
476.008911 98.941
479.458252 98.919
482.932617 98.897
486.432159 98.874
489.957031 98.852
493.507477 98.829
497.083618 98.807
500.685699 98.784
504.313873 98.761
507.968323 98.738
511.649292 98.714
515.356934 98.690
519.091370 98.667
522.852966 98.643
526.641724 98.618
530.458008 98.594
534.301941 98.570
538.173706 98.545
542.073547 98.520
546.001648 98.494
549.958191 98.469
553.943420 98.444
557.957520 98.420
562.000671 98.395
566.073181 98.369
570.175171 98.344
574.306885 98.319
578.468567 98.294
582.660400 98.269
586.882568 98.244
591.135376 98.219
595.419006 98.194
599.733643 98.169
604.079590 98.143
608.456970 98.117
612.866089 98.092
617.307190 98.066
621.780457 98.041
626.286133 98.016
630.824463 97.990
635.395691 97.965
640.000000 97.940
644.637695 97.915
649.309021 97.890
654.014160 97.866
658.753418 97.841
663.527039 97.816
668.335205 97.792
673.178284 97.767
678.056396 97.743
682.969849 97.720
687.918945 97.697
692.903870 97.674
697.924927 97.651
702.982422 97.629
708.076477 97.607
713.207520 97.585
718.375732 97.563
723.581360 97.542
728.824707 97.521
734.106079 97.500
739.425720 97.480
744.783936 97.461
750.180908 97.442
755.617065 97.424
761.092529 97.407
766.607727 97.390
772.162903 97.374
777.758301 97.359
783.394287 97.344
789.071045 97.330
794.789001 97.316
800.548340 97.303
806.349487 97.291
812.192627 97.278
818.078125 97.266
824.006226 97.252
829.977295 97.238
835.991699 97.223
842.049622 97.210
848.151428 97.201
854.297485 97.196
860.488098 97.194
866.723572 97.192
873.004211 97.188
879.330322 97.180
885.702332 97.168
892.120483 97.156
898.585144 97.147
905.096680 97.144
911.655396 97.147
918.261597 97.155
924.915710 97.166
931.618042 97.179
938.368896 97.192
945.168762 97.206
952.017822 97.219
958.916504 97.231
965.865234 97.241
972.864319 97.252
979.914062 97.261
987.014954 97.270
994.167236 97.278
1001.371399 97.284
1008.627747 97.289
1015.936646 97.293
1023.298584 97.298
1030.713867 97.304
1038.182739 97.312
1045.705933 97.322
1053.283447 97.335
1060.916016 97.350
1068.603882 97.369
1076.347412 97.391
1084.147095 97.415
1092.003296 97.442
1099.916382 97.472
1107.886841 97.503
1115.915039 97.535
1124.001343 97.567
1132.146362 97.598
1140.350342 97.628
1148.613770 97.654
1156.937134 97.677
1165.320801 97.696
1173.765137 97.713
1182.270752 97.727
1190.838013 97.738
1199.467285 97.749
1208.159180 97.759
1216.913940 97.769
1225.732178 97.779
1234.614380 97.789
1243.560913 97.800
1252.572266 97.810
1261.648926 97.821
1270.791382 97.831
1280.000000 97.841
1289.275391 97.851
1298.618042 97.860
1308.028320 97.869
1317.506836 97.879
1327.054077 97.888
1336.670410 97.898
1346.356567 97.908
1356.112793 97.917
1365.939697 97.927
1375.837891 97.937
1385.807739 97.947
1395.849854 97.958
1405.964844 97.970
1416.152954 97.982
1426.415039 97.995
1436.751465 98.008
1447.162720 98.021
1457.649414 98.035
1468.212158 98.049
1478.851440 98.064
1489.567871 98.079
1500.361816 98.096
1511.234131 98.112
1522.185059 98.130
1533.215454 98.147
1544.325806 98.166
1555.516602 98.185
1566.788574 98.206
1578.142090 98.228
1589.578003 98.250
1601.096680 98.273
1612.698975 98.297
1624.385254 98.322
1636.156250 98.348
1648.012451 98.374
1659.954590 98.402
1671.983398 98.431
1684.099243 98.460
1696.302856 98.490
1708.594971 98.522
1720.976196 98.554
1733.447144 98.588
1746.008423 98.622
1758.660645 98.656
1771.404663 98.691
1784.240967 98.727
1797.170288 98.765
1810.193359 98.803
1823.310791 98.844
1836.523193 98.886
1849.831421 98.931
1863.236084 98.980
1876.737793 99.035
1890.337524 99.096
1904.035645 99.164
1917.833008 99.239
1931.730469 99.319
1945.728638 99.401
1959.828125 99.484
1974.029907 99.565
1988.334473 99.643
2002.742798 99.718
2017.255493 99.791
2031.873291 99.861
2046.597168 99.930
2061.427734 100.000
2076.365479 100.070
2091.411865 100.141
2106.566895 100.213
2121.832031 100.288
2137.207764 100.364
2152.694824 100.444
2168.294189 100.527
2184.006592 100.613
2199.832764 100.703
2215.773682 100.797
2231.830078 100.893
2248.002686 100.990
2264.292725 101.087
2280.700684 101.182
2297.227539 101.276
2313.874268 101.368
2330.641602 101.459
2347.530273 101.548
2364.541504 101.636
2381.676025 101.724
2398.934570 101.812
2416.318359 101.901
2433.827881 101.994
2451.464355 102.094
2469.228760 102.203
2487.121826 102.325
2505.144531 102.463
2523.297852 102.617
2541.582764 102.785
2560.000000 102.961
2578.550781 103.138
2597.236084 103.307
2616.056641 103.458
2635.013672 103.587
2654.108154 103.691
2673.340820 103.772
2692.713135 103.832
2712.225586 103.872
2731.879395 103.896
2751.675781 103.906
2771.615479 103.904
2791.699707 103.891
2811.929688 103.869
2832.305908 103.839
2852.830078 103.803
2873.502930 103.762
2894.325439 103.716
2915.298828 103.665
2936.424316 103.611
2957.702881 103.552
2979.135742 103.489
3000.723633 103.421
3022.468262 103.349
3044.370117 103.272
3066.430908 103.189
3088.651611 103.101
3111.033203 103.007
3133.577148 102.908
3156.284180 102.802
3179.156006 102.691
3202.193359 102.575
3225.397949 102.454
3248.770508 102.329
3272.312500 102.202
3296.024902 102.073
3319.909180 101.944
3343.966797 101.813
3368.198486 101.683
3392.605713 101.552
3417.189941 101.421
3441.952393 101.290
3466.894287 101.162
3492.016846 101.036
3517.321289 100.912
3542.809326 100.791
3568.481934 100.675
3594.340576 100.564
3620.386719 100.457
3646.621582 100.352
3673.046387 100.248
3699.662842 100.143
3726.472168 100.034
3753.475586 99.919
3780.675049 99.799
3808.071289 99.675
3835.666016 99.551
3863.460938 99.431
3891.457275 99.316
3919.656250 99.210
3948.059814 99.113
3976.668945 99.027
4005.485596 98.954
4034.510986 98.891
4063.746582 98.839
4093.194336 98.796
4122.855469 98.761
4152.730957 98.735
4182.823730 98.715
4213.133789 98.700
4243.664062 98.687
4274.415527 98.675
4305.389648 98.665
4336.588379 98.655
4368.013184 98.646
4399.665527 98.637
4431.547363 98.627
4463.660156 98.617
4496.005371 98.607
4528.585449 98.597
4561.401367 98.586
4594.455078 98.575
4627.748535 98.564
4661.283203 98.553
4695.060547 98.543
4729.083008 98.535
4763.352051 98.533
4797.869141 98.536
4832.636719 98.550
4867.655762 98.574
4902.928711 98.612
4938.457520 98.663
4974.243652 98.730
5010.289062 98.810
5046.595703 98.903
5083.165527 99.008
5120.000000 99.123
5157.101562 99.248
5194.472168 99.382
5232.113281 99.524
5270.027344 99.676
5308.216309 99.838
5346.681641 100.011
5385.426270 100.197
5424.451172 100.396
5463.758789 100.608
5503.351562 100.832
5543.230957 101.063
5583.399414 101.296
5623.859375 101.517
5664.611816 101.711
5705.660156 101.858
5747.005859 101.934
5788.650879 101.919
5830.597656 101.797
5872.848633 101.563
5915.405762 101.225
5958.271484 100.800
6001.447266 100.316
6044.936523 99.803
6088.740234 99.287
6132.861816 98.791
6177.303223 98.330
6222.066406 97.913
6267.154297 97.544
6312.568359 97.223
6358.312012 96.950
6404.386719 96.721
6450.795898 96.532
6497.541016 96.379
6544.625000 96.259
6592.049805 96.169
6639.818359 96.109
6687.933594 96.076
6736.396973 96.069
6785.211426 96.088
6834.379883 96.132
6883.904785 96.203
6933.788574 96.300
6984.033691 96.425
7034.642578 96.578
7085.618652 96.761
7136.963867 96.975
7188.681152 97.224
7240.773438 97.512
7293.243164 97.846
7346.092773 98.229
7399.325684 98.659
7452.944336 99.135
7506.951172 99.658
7561.350098 100.212
7616.142578 100.766
7671.332031 101.291
7726.921875 101.758
7782.914551 102.137
7839.312500 102.392
7896.119629 102.490
7953.337891 102.408
8010.971191 102.137
8069.021973 101.687
8127.493164 101.083
8186.388672 100.355
8245.710938 99.527
8305.461914 98.623
8365.647461 97.667
8426.267578 96.694
8487.328125 95.737
8548.831055 94.834
8610.779297 94.034
8673.176758 93.387
8736.026367 92.886
8799.331055 92.450
8863.094727 91.989
8927.320312 91.465
8992.010742 90.885
9057.170898 90.283
9122.802734 89.702
9188.910156 89.191
9255.497070 88.789
9322.566406 88.508
9390.121094 88.331
9458.166016 88.227
9526.704102 88.170
9595.738281 88.133
9665.273438 88.096
9735.311523 88.054
9805.857422 88.016
9876.915039 88.001
9948.487305 88.028
10020.578125 88.113
10093.191406 88.254
10166.331055 88.435
10240.000000 88.621
10314.203125 88.772
10388.944336 88.869
10464.226562 88.931
10540.054688 89.006
10616.432617 89.133
10693.363281 89.330
10770.852539 89.599
10848.902344 89.934
10927.517578 90.329
11006.703125 90.774
11086.461914 91.261
11166.798828 91.772
11247.718750 92.282
11329.223633 92.765
11411.320312 93.194
11494.011719 93.548
11577.301758 93.796
11661.195312 93.912
11745.697266 93.873
11830.811523 93.674
11916.542969 93.325
12002.894531 92.850
12089.873047 92.277
12177.480469 91.641
12265.723633 90.981
12354.606445 90.355
12444.132812 89.852
12534.308594 89.587
12625.136719 89.632
12716.624023 89.910
12808.773438 90.216
12901.591797 90.369
12995.082031 90.310
13089.250000 90.076
13184.099609 89.735
13279.636719 89.350
13375.867188 88.967
13472.793945 88.613
13570.422852 88.310
13668.759766 88.069
13767.809570 87.896
13867.577148 87.797
13968.067383 87.784
14069.285156 87.858
14171.237305 88.000
14273.927734 88.171
14377.362305 88.332
14481.546875 88.451
14586.486328 88.507
14692.185547 88.506
14798.651367 88.468
14905.888672 88.403
15013.902344 88.304
15122.700195 88.153
15232.285156 87.940
15342.664062 87.680
15453.843750 87.401
15565.829102 87.139
15678.625000 86.930
15792.239258 86.819
15906.675781 86.883
16021.942383 87.230
16138.043945 87.928
16254.986328 88.920
16372.777344 90.046
16491.421875 91.161
16610.923828 92.210
16731.294922 93.208
16852.535156 94.175
16974.656250 95.092
17097.662109 95.893
17221.558594 96.482
17346.353516 96.774
17472.052734 96.719
17598.662109 96.321
17726.189453 95.639
17854.640625 94.762
17984.021484 93.790
18114.341797 92.811
18245.605469 91.891
18377.820312 91.067
18510.994141 90.353
18645.132812 89.730
18780.242188 89.149
18916.332031 88.556
19053.408203 87.909
19191.476562 87.193
19330.546875 86.407
19470.623047 85.572
19611.714844 84.728
19753.830078 83.937
19896.974609 83.304
