20.000000 107.953
20.144928 107.956
20.290907 107.958
20.437943 107.960
20.586044 107.961
20.735220 107.963
20.885475 107.964
21.036821 107.966
21.189262 107.967
21.342808 107.968
21.497467 107.969
21.653246 107.970
21.810154 107.971
21.968201 107.971
22.127390 107.971
22.287735 107.970
22.449242 107.969
22.611917 107.967
22.775772 107.965
22.940815 107.962
23.107054 107.960
23.274498 107.957
23.443153 107.953
23.613033 107.950
23.784142 107.947
23.956491 107.944
24.130091 107.941
24.304947 107.938
24.481071 107.934
24.658470 107.929
24.837156 107.924
25.017136 107.918
25.198421 107.912
25.381020 107.906
25.564941 107.899
25.750195 107.891
25.936790 107.883
26.124741 107.874
26.314051 107.866
26.504732 107.857
26.696796 107.847
26.890253 107.837
27.085112 107.828
27.281382 107.817
27.479073 107.807
27.678198 107.797
27.878765 107.786
28.080786 107.775
28.284271 107.764
28.489231 107.752
28.695675 107.740
28.903616 107.727
29.113064 107.713
29.324028 107.699
29.536524 107.685
29.750557 107.670
29.966141 107.655
30.183289 107.640
30.402010 107.625
30.622314 107.610
30.844217 107.594
31.067726 107.578
31.292856 107.562
31.519617 107.545
31.748020 107.529
31.978081 107.512
32.209808 107.495
32.443211 107.478
32.678310 107.461
32.915108 107.443
33.153625 107.425
33.393871 107.406
33.635857 107.386
33.879597 107.364
34.125103 107.342
34.372387 107.320
34.621464 107.297
34.872345 107.274
35.125042 107.251
35.379574 107.228
35.635948 107.205
35.894180 107.182
36.154285 107.157
36.416275 107.132
36.680161 107.106
36.945961 107.080
37.213688 107.055
37.483353 107.030
37.754974 107.005
38.028561 106.980
38.304131 106.954
38.581699 106.928
38.861279 106.900
39.142883 106.872
39.426529 106.843
39.712231 106.815
40.000000 106.787
40.289856 106.759
40.581814 106.732
40.875885 106.703
41.172089 106.672
41.470440 106.640
41.770950 106.607
42.073643 106.573
42.378525 106.540
42.685616 106.508
42.994934 106.476
43.306492 106.444
43.620308 106.410
43.936401 106.375
44.254780 106.339
44.575470 106.302
44.898483 106.265
45.223835 106.229
45.551544 106.194
45.881630 106.159
46.214108 106.124
46.548996 106.087
46.886307 106.049
47.226067 106.010
47.568283 105.972
47.912983 105.935
48.260181 105.899
48.609894 105.863
48.962143 105.826
49.316940 105.787
49.674313 105.747
50.034271 105.705
50.396843 105.662
50.762039 105.620
51.129883 105.579
51.500389 105.538
51.873581 105.496
52.249481 105.454
52.628101 105.410
53.009464 105.365
53.393593 105.320
53.780506 105.275
54.170223 105.230
54.562763 105.186
54.958145 105.141
55.356396 105.096
55.757530 105.049
56.161572 105.001
56.568542 104.953
56.978462 104.903
57.391350 104.853
57.807232 104.804
58.226128 104.756
58.648056 104.707
59.073048 104.658
59.501114 104.609
59.932281 104.559
60.366577 104.509
60.804020 104.457
61.244629 104.404
61.688435 104.350
62.135452 104.295
62.585712 104.240
63.039234 104.187
63.496040 104.134
63.956161 104.082
64.419617 104.028
64.886421 103.973
65.356621 103.918
65.830215 103.862
66.307251 103.806
66.787743 103.751
67.271713 103.695
67.759193 103.640
68.250206 103.584
68.744774 103.526
69.242928 103.467
69.744690 103.407
70.250084 103.346
70.759148 103.286
71.271896 103.225
71.788361 103.165
72.308571 103.103
72.832550 103.040
73.360321 102.974
73.891922 102.906
74.427376 102.839
74.966705 102.773
75.509949 102.708
76.057121 102.644
76.608261 102.581
77.163399 102.520
77.722557 102.457
78.285767 102.393
78.853058 102.325
79.424461 102.255
80.000000 102.183
80.579712 102.111
81.163628 102.040
81.751770 101.969
82.344177 101.897
82.940880 101.824
83.541901 101.749
84.147285 101.673
84.757050 101.600
85.371231 101.530
85.989868 101.465
86.612984 101.402
87.240616 101.341
87.872803 101.282
88.509560 101.227
89.150940 101.179
89.796967 101.140
90.447670 101.107
91.103088 101.079
91.763260 101.058
92.428215 101.041
93.097992 101.027
93.772614 101.018
94.452133 101.012
95.136566 101.009
95.825966 101.007
96.520363 101.003
97.219788 100.993
97.924286 100.977
98.633881 100.953
99.348625 100.923
100.068542 100.887
100.793686 100.848
101.524078 100.805
102.259766 100.759
103.000778 100.712
103.747162 100.662
104.498962 100.610
105.256203 100.556
106.018929 100.500
106.787186 100.444
107.561012 100.388
108.340446 100.332
109.125526 100.276
109.916290 100.221
110.712791 100.168
111.515060 100.116
112.323143 100.065
113.137085 100.016
113.956924 99.968
114.782700 99.921
115.614464 99.874
116.452255 99.829
117.296112 99.786
118.146095 99.745
119.002228 99.706
119.864563 99.670
120.733154 99.638
121.608040 99.609
122.489258 99.585
123.376869 99.565
124.270905 99.547
125.171425 99.532
126.078468 99.519
126.992081 99.506
127.912323 99.494
128.839233 99.481
129.772842 99.467
130.713242 99.452
131.660431 99.436
132.614502 99.419
133.575485 99.401
134.543427 99.382
135.518387 99.363
136.500412 99.344
137.489548 99.326
138.485855 99.307
139.489380 99.289
140.500168 99.272
141.518295 99.256
142.543793 99.240
143.576721 99.225
144.617142 99.212
145.665100 99.199
146.720642 99.188
147.783844 99.177
148.854752 99.167
149.933411 99.159
151.019897 99.152
152.114243 99.146
153.216522 99.142
154.326797 99.140
155.445114 99.140
156.571533 99.142
157.706116 99.146
158.848923 99.151
160.000000 99.158
161.159424 99.165
162.327255 99.175
163.503540 99.186
164.688354 99.199
165.881760 99.213
167.083801 99.229
168.294571 99.246
169.514099 99.264
170.742462 99.283
171.979736 99.302
173.225967 99.322
174.481232 99.339
175.745605 99.352
177.019119 99.362
178.301880 99.368
179.593933 99.370
180.895340 99.367
182.206177 99.360
183.526520 99.351
184.856430 99.342
186.195984 99.334
187.545227 99.328
188.904266 99.322
190.273132 99.319
191.651932 99.317
193.040726 99.319
194.439575 99.324
195.848572 99.333
197.267761 99.346
198.697250 99.362
200.137085 99.382
201.587372 99.405
203.048157 99.430
204.519531 99.457
206.001556 99.483
207.494324 99.508
208.997925 99.533
210.512405 99.556
212.037857 99.578
213.574371 99.599
215.122025 99.619
216.680893 99.637
218.251053 99.655
219.832581 99.672
221.425583 99.688
223.030121 99.703
224.646286 99.717
226.274170 99.730
227.913849 99.743
229.565399 99.756
231.228928 99.768
232.904510 99.780
234.592224 99.792
236.292191 99.803
238.004456 99.814
239.729126 99.824
241.466309 99.834
243.216080 99.844
244.978516 99.853
246.753738 99.863
248.541809 99.872
250.342850 99.881
252.156937 99.889
253.984161 99.897
255.824646 99.905
257.678467 99.913
259.545685 99.920
261.426483 99.928
263.320862 99.935
265.229004 99.942
267.150970 99.948
269.086853 99.953
271.036774 99.958
273.000824 99.963
274.979095 99.968
276.971710 99.971
278.978760 99.975
281.000336 99.978
283.036591 99.980
285.087585 99.983
287.153442 99.984
289.234283 99.986
291.330200 99.987
293.441284 99.988
295.567688 99.988
297.709503 99.989
299.866821 99.989
302.039795 99.989
304.228485 99.989
306.433044 99.988
308.653595 99.986
310.890228 99.983
313.143066 99.981
315.412231 99.978
317.697845 99.976
320.000000 99.972
322.318848 99.969
324.654510 99.964
327.007080 99.959
329.376709 99.954
331.763519 99.949
334.167603 99.943
336.589142 99.936
339.028198 99.929
341.484924 99.922
343.959473 99.915
346.451935 99.908
348.962463 99.901
351.491211 99.892
354.038239 99.884
356.603760 99.875
359.187866 99.865
361.790680 99.856
364.412354 99.846
367.053040 99.836
369.712860 99.826
372.391968 99.815
375.090454 99.804
377.808533 99.792
380.546265 99.780
383.303864 99.768
386.081451 99.755
388.879150 99.741
391.697144 99.727
394.535522 99.712
397.394501 99.697
400.274170 99.681
403.174744 99.666
406.096313 99.650
409.039062 99.633
412.003113 99.616
414.988647 99.598
417.995850 99.580
421.024811 99.561
424.075714 99.541
427.148743 99.521
430.244049 99.501
433.361786 99.481
436.502106 99.461
439.665161 99.440
442.851166 99.419
446.060242 99.397
449.292572 99.376
452.548340 99.354
455.827698 99.333
459.130798 99.311
462.457855 99.289
465.809021 99.267
469.184448 99.244
472.584381 99.222
476.008911 99.200
479.458252 99.178
482.932617 99.156
486.432159 99.133
489.957031 99.110
493.507477 99.087
497.083618 99.063
500.685699 99.040
504.313873 99.016
507.968323 98.992
511.649292 98.968
515.356934 98.945
519.091370 98.922
522.852966 98.898
526.641724 98.875
530.458008 98.850
534.301941 98.826
538.173706 98.801
542.073547 98.777
546.001648 98.752
549.958191 98.728
553.943420 98.703
557.957520 98.678
562.000671 98.653
566.073181 98.628
570.175171 98.602
574.306885 98.576
578.468567 98.551
582.660400 98.525
586.882568 98.500
591.135376 98.475
595.419006 98.449
599.733643 98.423
604.079590 98.398
608.456970 98.373
612.866089 98.347
617.307190 98.321
621.780457 98.296
626.286133 98.270
630.824463 98.245
635.395691 98.220
640.000000 98.195
644.637695 98.169
649.309021 98.144
654.014160 98.119
658.753418 98.095
663.527039 98.070
668.335205 98.045
673.178284 98.021
678.056396 97.997
682.969849 97.973
687.918945 97.950
692.903870 97.927
697.924927 97.904
702.982422 97.881
708.076477 97.859
713.207520 97.837
718.375732 97.815
723.581360 97.793
728.824707 97.772
734.106079 97.751
739.425720 97.730
744.783936 97.709
750.180908 97.689
755.617065 97.670
761.092529 97.652
766.607727 97.636
772.162903 97.620
777.758301 97.605
783.394287 97.591
789.071045 97.578
794.789001 97.565
800.548340 97.552
806.349487 97.539
812.192627 97.526
818.078125 97.513
824.006226 97.499
829.977295 97.485
835.991699 97.470
842.049622 97.457
848.151428 97.447
854.297485 97.441
860.488098 97.438
866.723572 97.435
873.004211 97.431
879.330322 97.422
885.702332 97.409
892.120483 97.396
898.585144 97.387
905.096680 97.383
911.655396 97.386
918.261597 97.393
924.915710 97.403
931.618042 97.416
938.368896 97.429
945.168762 97.442
952.017822 97.455
958.916504 97.467
965.865234 97.477
972.864319 97.487
979.914062 97.495
987.014954 97.503
994.167236 97.510
1001.371399 97.515
1008.627747 97.520
1015.936646 97.524
1023.298584 97.528
1030.713867 97.534
1038.182739 97.541
1045.705933 97.550
1053.283447 97.561
1060.916016 97.576
1068.603882 97.595
1076.347412 97.616
1084.147095 97.640
1092.003296 97.667
1099.916382 97.696
1107.886841 97.727
1115.915039 97.759
1124.001343 97.790
1132.146362 97.820
1140.350342 97.848
1148.613770 97.874
1156.937134 97.895
1165.320801 97.913
1173.765137 97.928
1182.270752 97.941
1190.838013 97.951
1199.467285 97.959
1208.159180 97.966
1216.913940 97.973
1225.732178 97.979
1234.614380 97.984
1243.560913 97.989
1252.572266 97.993
1261.648926 97.997
1270.791382 98.002
1280.000000 98.006
1289.275391 98.012
1298.618042 98.018
1308.028320 98.026
1317.506836 98.036
1327.054077 98.049
1336.670410 98.063
1346.356567 98.080
1356.112793 98.097
1365.939697 98.116
1375.837891 98.134
1385.807739 98.151
1395.849854 98.167
1405.964844 98.183
1416.152954 98.199
1426.415039 98.215
1436.751465 98.231
1447.162720 98.247
1457.649414 98.262
1468.212158 98.278
1478.851440 98.294
1489.567871 98.310
1500.361816 98.327
1511.234131 98.345
1522.185059 98.363
1533.215454 98.382
1544.325806 98.403
1555.516602 98.424
1566.788574 98.447
1578.142090 98.470
1589.578003 98.494
1601.096680 98.518
1612.698975 98.543
1624.385254 98.568
1636.156250 98.595
1648.012451 98.622
1659.954590 98.650
1671.983398 98.680
1684.099243 98.710
1696.302856 98.742
1708.594971 98.774
1720.976196 98.808
1733.447144 98.843
1746.008423 98.879
1758.660645 98.916
1771.404663 98.954
1784.240967 98.993
1797.170288 99.033
1810.193359 99.075
1823.310791 99.117
1836.523193 99.161
1849.831421 99.207
1863.236084 99.254
1876.737793 99.302
1890.337524 99.351
1904.035645 99.401
1917.833008 99.452
1931.730469 99.506
1945.728638 99.561
1959.828125 99.618
1974.029907 99.677
1988.334473 99.738
2002.742798 99.800
2017.255493 99.864
2031.873291 99.930
2046.597168 99.996
2061.427734 100.062
2076.365479 100.127
2091.411865 100.193
2106.566895 100.259
2121.832031 100.328
2137.207764 100.400
2152.694824 100.474
2168.294189 100.553
2184.006592 100.636
2199.832764 100.726
2215.773682 100.825
2231.830078 100.934
2248.002686 101.053
2264.292725 101.182
2280.700684 101.320
2297.227539 101.464
2313.874268 101.611
2330.641602 101.762
2347.530273 101.913
2364.541504 102.063
2381.676025 102.210
2398.934570 102.352
2416.318359 102.487
2433.827881 102.618
2451.464355 102.743
2469.228760 102.866
2487.121826 102.987
2505.144531 103.109
2523.297852 103.231
2541.582764 103.354
2560.000000 103.476
2578.550781 103.595
2597.236084 103.711
2616.056641 103.821
2635.013672 103.926
2654.108154 104.022
2673.340820 104.109
2692.713135 104.184
2712.225586 104.244
2731.879395 104.288
2751.675781 104.314
2771.615479 104.325
2791.699707 104.321
2811.929688 104.304
2832.305908 104.277
2852.830078 104.242
2873.502930 104.200
2894.325439 104.154
2915.298828 104.103
2936.424316 104.050
2957.702881 103.994
2979.135742 103.937
3000.723633 103.878
3022.468262 103.818
3044.370117 103.755
3066.430908 103.690
3088.651611 103.620
3111.033203 103.545
3133.577148 103.463
3156.284180 103.375
3179.156006 103.279
3202.193359 103.179
3225.397949 103.074
3248.770508 102.966
3272.312500 102.856
3296.024902 102.744
3319.909180 102.631
3343.966797 102.516
3368.198486 102.398
3392.605713 102.278
3417.189941 102.157
3441.952393 102.038
3466.894287 101.920
3492.016846 101.807
3517.321289 101.696
3542.809326 101.588
3568.481934 101.484
3594.340576 101.382
3620.386719 101.281
3646.621582 101.181
3673.046387 101.080
3699.662842 100.980
3726.472168 100.879
3753.475586 100.777
3780.675049 100.674
3808.071289 100.571
3835.666016 100.468
3863.460938 100.365
3891.457275 100.262
3919.656250 100.161
3948.059814 100.064
3976.668945 99.972
4005.485596 99.887
4034.510986 99.810
4063.746582 99.742
4093.194336 99.682
4122.855469 99.630
4152.730957 99.587
4182.823730 99.552
4213.133789 99.522
4243.664062 99.497
4274.415527 99.476
4305.389648 99.458
4336.588379 99.444
4368.013184 99.433
4399.665527 99.425
4431.547363 99.420
4463.660156 99.418
4496.005371 99.419
4528.585449 99.423
4561.401367 99.428
4594.455078 99.435
4627.748535 99.442
4661.283203 99.451
4695.060547 99.462
4729.083008 99.477
4763.352051 99.497
4797.869141 99.523
4832.636719 99.555
4867.655762 99.595
4902.928711 99.642
4938.457520 99.695
4974.243652 99.757
5010.289062 99.827
5046.595703 99.906
5083.165527 99.996
5120.000000 100.096
5157.101562 100.204
5194.472168 100.320
5232.113281 100.443
5270.027344 100.571
5308.216309 100.706
5346.681641 100.847
5385.426270 100.994
5424.451172 101.149
5463.758789 101.314
5503.351562 101.490
5543.230957 101.677
5583.399414 101.879
5623.859375 102.093
5664.611816 102.318
5705.660156 102.547
5747.005859 102.768
5788.650879 102.960
5830.597656 103.094
5872.848633 103.144
5915.405762 103.090
5958.271484 102.924
6001.447266 102.653
6044.936523 102.289
6088.740234 101.849
6132.861816 101.359
6177.303223 100.846
6222.066406 100.338
6267.154297 99.856
6312.568359 99.413
6358.312012 99.014
6404.386719 98.655
6450.795898 98.332
6497.541016 98.045
6544.625000 97.794
6592.049805 97.580
6639.818359 97.401
6687.933594 97.257
6736.396973 97.145
6785.211426 97.066
6834.379883 97.019
6883.904785 97.004
6933.788574 97.022
6984.033691 97.072
7034.642578 97.156
7085.618652 97.275
7136.963867 97.428
7188.681152 97.618
7240.773438 97.845
7293.243164 98.112
7346.092773 98.419
7399.325684 98.771
7452.944336 99.173
7506.951172 99.627
7561.350098 100.126
7616.142578 100.658
7671.332031 101.206
7726.921875 101.749
7782.914551 102.261
7839.312500 102.705
7896.119629 103.040
7953.337891 103.227
8010.971191 103.237
8069.021973 103.060
8127.493164 102.703
8186.388672 102.189
8245.710938 101.542
8305.461914 100.789
8365.647461 99.957
8426.267578 99.077
8487.328125 98.194
8548.831055 97.369
8610.779297 96.660
8673.176758 96.073
8736.026367 95.556
8799.331055 95.041
8863.094727 94.481
8927.320312 93.869
8992.010742 93.225
9057.170898 92.580
9122.802734 91.977
9188.910156 91.466
9255.497070 91.087
9322.566406 90.841
9390.121094 90.694
9458.166016 90.590
9526.704102 90.478
9595.738281 90.331
9665.273438 90.172
9735.311523 90.058
9805.857422 90.025
9876.915039 90.049
9948.487305 90.098
10020.578125 90.157
10093.191406 90.223
10166.331055 90.305
10240.000000 90.411
10314.203125 90.553
10388.944336 90.746
10464.226562 90.999
10540.054688 91.316
10616.432617 91.693
10693.363281 92.122
10770.852539 92.585
10848.902344 93.064
10927.517578 93.537
11006.703125 93.991
11086.461914 94.410
11166.798828 94.783
11247.718750 95.100
11329.223633 95.351
11411.320312 95.528
11494.011719 95.616
11577.301758 95.596
11661.195312 95.457
11745.697266 95.200
11830.811523 94.838
11916.542969 94.393
12002.894531 93.887
12089.873047 93.340
12177.480469 92.768
12265.723633 92.184
12354.606445 91.594
12444.132812 91.004
12534.308594 90.415
12625.136719 89.826
12716.624023 89.238
12808.773438 88.653
12901.591797 88.073
12995.082031 87.500
13089.250000 86.938
13184.099609 86.391
13279.636719 85.868
13375.867188 85.385
13472.793945 84.964
13570.422852 84.631
13668.759766 84.409
13767.809570 84.316
13867.577148 84.370
13968.067383 84.591
14069.285156 84.976
14171.237305 85.488
14273.927734 86.065
14377.362305 86.652
14481.546875 87.201
14586.486328 87.680
14692.185547 88.075
14798.651367 88.380
14905.888672 88.590
15013.902344 88.702
15122.700195 88.722
15232.285156 88.667
15342.664062 88.566
15453.843750 88.454
15565.829102 88.365
15678.625000 88.328
15792.239258 88.367
15906.675781 88.500
16021.942383 88.738
16138.043945 89.091
16254.986328 89.580
16372.777344 90.248
16491.421875 91.132
16610.923828 92.208
16731.294922 93.387
16852.535156 94.540
16974.656250 95.524
17097.662109 96.212
17221.558594 96.522
17346.353516 96.445
17472.052734 96.044
17598.662109 95.427
17726.189453 94.695
17854.640625 93.901
17984.021484 93.032
18114.341797 92.024
18245.605469 90.811
18377.820312 89.374
18510.994141 87.762
18645.132812 86.074
18780.242188 84.384
18916.332031 82.687
19053.408203 80.951
19191.476562 79.221
19330.546875 77.640
19470.623047 76.334
19611.714844 75.319
19753.830078 74.550
19896.974609 74.015
