20.000000 107.597
20.144928 107.595
20.290907 107.593
20.437943 107.591
20.586044 107.589
20.735220 107.586
20.885475 107.583
21.036821 107.579
21.189262 107.575
21.342808 107.570
21.497467 107.564
21.653246 107.559
21.810154 107.553
21.968201 107.546
22.127390 107.539
22.287735 107.532
22.449242 107.525
22.611917 107.517
22.775772 107.509
22.940815 107.500
23.107054 107.491
23.274498 107.482
23.443153 107.474
23.613033 107.465
23.784142 107.456
23.956491 107.447
24.130091 107.439
24.304947 107.430
24.481071 107.422
24.658470 107.413
24.837156 107.403
25.017136 107.394
25.198421 107.383
25.381020 107.372
25.564941 107.360
25.750195 107.347
25.936790 107.334
26.124741 107.320
26.314051 107.305
26.504732 107.290
26.696796 107.276
26.890253 107.261
27.085112 107.247
27.281382 107.232
27.479073 107.218
27.678198 107.204
27.878765 107.190
28.080786 107.176
28.284271 107.160
28.489231 107.145
28.695675 107.128
28.903616 107.112
29.113064 107.094
29.324028 107.076
29.536524 107.058
29.750557 107.039
29.966141 107.020
30.183289 107.001
30.402010 106.981
30.622314 106.960
30.844217 106.939
31.067726 106.918
31.292856 106.896
31.519617 106.874
31.748020 106.852
31.978081 106.830
32.209808 106.808
32.443211 106.785
32.678310 106.763
32.915108 106.740
33.153625 106.716
33.393871 106.692
33.635857 106.666
33.879597 106.640
34.125103 106.614
34.372387 106.587
34.621464 106.560
34.872345 106.533
35.125042 106.507
35.379574 106.480
35.635948 106.453
35.894180 106.426
36.154285 106.398
36.416275 106.369
36.680161 106.340
36.945961 106.311
37.213688 106.282
37.483353 106.252
37.754974 106.223
38.028561 106.193
38.304131 106.163
38.581699 106.132
38.861279 106.101
39.142883 106.068
39.426529 106.035
39.712231 106.000
40.000000 105.964
40.289856 105.927
40.581814 105.891
40.875885 105.856
41.172089 105.822
41.470440 105.788
41.770950 105.755
42.073643 105.720
42.378525 105.682
42.685616 105.641
42.994934 105.597
43.306492 105.553
43.620308 105.508
43.936401 105.464
44.254780 105.420
44.575470 105.377
44.898483 105.333
45.223835 105.288
45.551544 105.242
45.881630 105.195
46.214108 105.148
46.548996 105.102
46.886307 105.055
47.226067 105.007
47.568283 104.959
47.912983 104.910
48.260181 104.860
48.609894 104.810
48.962143 104.759
49.316940 104.707
49.674313 104.653
50.034271 104.598
50.396843 104.541
50.762039 104.483
51.129883 104.424
51.500389 104.365
51.873581 104.305
52.249481 104.244
52.628101 104.183
53.009464 104.120
53.393593 104.057
53.780506 103.994
54.170223 103.931
54.562763 103.869
54.958145 103.808
55.356396 103.751
55.757530 103.697
56.161572 103.650
56.568542 103.610
56.978462 103.577
57.391350 103.554
57.807232 103.540
58.226128 103.537
58.648056 103.543
59.073048 103.557
59.501114 103.576
59.932281 103.594
60.366577 103.608
60.804020 103.617
61.244629 103.619
61.688435 103.614
62.135452 103.599
62.585712 103.576
63.039234 103.545
63.496040 103.508
63.956161 103.466
64.419617 103.420
64.886421 103.370
65.356621 103.315
65.830215 103.258
66.307251 103.198
66.787743 103.136
67.271713 103.073
67.759193 103.009
68.250206 102.945
68.744774 102.882
69.242928 102.822
69.744690 102.766
70.250084 102.714
70.759148 102.665
71.271896 102.621
71.788361 102.580
72.308571 102.545
72.832550 102.515
73.360321 102.492
73.891922 102.474
74.427376 102.462
74.966705 102.453
75.509949 102.445
76.057121 102.436
76.608261 102.422
77.163399 102.403
77.722557 102.377
78.285767 102.342
78.853058 102.298
79.424461 102.245
80.000000 102.184
80.579712 102.118
81.163628 102.048
81.751770 101.976
82.344177 101.901
82.940880 101.826
83.541901 101.748
84.147285 101.670
84.757050 101.592
85.371231 101.514
85.989868 101.435
86.612984 101.358
87.240616 101.280
87.872803 101.202
88.509560 101.123
89.150940 101.045
89.796967 100.968
90.447670 100.892
91.103088 100.816
91.763260 100.742
92.428215 100.667
93.097992 100.593
93.772614 100.519
94.452133 100.445
95.136566 100.371
95.825966 100.299
96.520363 100.227
97.219788 100.156
97.924286 100.086
98.633881 100.017
99.348625 99.947
100.068542 99.879
100.793686 99.811
101.524078 99.743
102.259766 99.677
103.000778 99.611
103.747162 99.546
104.498962 99.483
105.256203 99.419
106.018929 99.357
106.787186 99.295
107.561012 99.233
108.340446 99.173
109.125526 99.113
109.916290 99.054
110.712791 98.995
111.515060 98.937
112.323143 98.880
113.137085 98.824
113.956924 98.770
114.782700 98.716
115.614464 98.663
116.452255 98.612
117.296112 98.562
118.146095 98.513
119.002228 98.466
119.864563 98.421
120.733154 98.378
121.608040 98.335
122.489258 98.294
123.376869 98.256
124.270905 98.219
125.171425 98.184
126.078468 98.151
126.992081 98.119
127.912323 98.088
128.839233 98.060
129.772842 98.033
130.713242 98.009
131.660431 97.987
132.614502 97.965
133.575485 97.946
134.543427 97.928
135.518387 97.912
136.500412 97.899
137.489548 97.885
138.485855 97.871
139.489380 97.856
140.500168 97.839
141.518295 97.821
142.543793 97.802
143.576721 97.781
144.617142 97.760
145.665100 97.739
146.720642 97.717
147.783844 97.697
148.854752 97.677
149.933411 97.657
151.019897 97.638
152.114243 97.621
153.216522 97.605
154.326797 97.590
155.445114 97.579
156.571533 97.571
157.706116 97.568
158.848923 97.572
160.000000 97.586
161.159424 97.611
162.327255 97.651
163.503540 97.708
164.688354 97.783
165.881760 97.875
167.083801 97.979
168.294571 98.090
169.514099 98.203
170.742462 98.310
171.979736 98.404
173.225967 98.481
174.481232 98.539
175.745605 98.579
177.019119 98.603
178.301880 98.614
179.593933 98.614
180.895340 98.605
182.206177 98.590
183.526520 98.572
184.856430 98.552
186.195984 98.533
187.545227 98.515
188.904266 98.499
190.273132 98.485
191.651932 98.475
193.040726 98.467
194.439575 98.463
195.848572 98.463
197.267761 98.467
198.697250 98.475
200.137085 98.486
201.587372 98.501
203.048157 98.519
204.519531 98.539
206.001556 98.559
207.494324 98.579
208.997925 98.598
210.512405 98.616
212.037857 98.633
213.574371 98.649
215.122025 98.663
216.680893 98.677
218.251053 98.690
219.832581 98.703
221.425583 98.715
223.030121 98.726
224.646286 98.737
226.274170 98.748
227.913849 98.758
229.565399 98.769
231.228928 98.779
232.904510 98.789
234.592224 98.798
236.292191 98.808
238.004456 98.817
239.729126 98.826
241.466309 98.834
243.216080 98.842
244.978516 98.850
246.753738 98.858
248.541809 98.865
250.342850 98.872
252.156937 98.879
253.984161 98.885
255.824646 98.891
257.678467 98.897
259.545685 98.903
261.426483 98.908
263.320862 98.914
265.229004 98.919
267.150970 98.924
269.086853 98.928
271.036774 98.932
273.000824 98.936
274.979095 98.938
276.971710 98.940
278.978760 98.941
281.000336 98.941
283.036591 98.941
285.087585 98.942
287.153442 98.942
289.234283 98.941
291.330200 98.941
293.441284 98.940
295.567688 98.939
297.709503 98.938
299.866821 98.936
302.039795 98.934
304.228485 98.931
306.433044 98.929
308.653595 98.926
310.890228 98.923
313.143066 98.919
315.412231 98.915
317.697845 98.910
320.000000 98.905
322.318848 98.899
324.654510 98.894
327.007080 98.888
329.376709 98.883
331.763519 98.877
334.167603 98.870
336.589142 98.862
339.028198 98.854
341.484924 98.845
343.959473 98.836
346.451935 98.827
348.962463 98.818
351.491211 98.809
354.038239 98.799
356.603760 98.789
359.187866 98.778
361.790680 98.767
364.412354 98.756
367.053040 98.744
369.712860 98.733
372.391968 98.721
375.090454 98.709
377.808533 98.696
380.546265 98.683
383.303864 98.670
386.081451 98.655
388.879150 98.641
391.697144 98.626
394.535522 98.610
397.394501 98.595
400.274170 98.579
403.174744 98.563
406.096313 98.547
409.039062 98.531
412.003113 98.515
414.988647 98.499
417.995850 98.482
421.024811 98.465
424.075714 98.448
427.148743 98.430
430.244049 98.411
433.361786 98.393
436.502106 98.374
439.665161 98.354
442.851166 98.335
446.060242 98.315
449.292572 98.295
452.548340 98.275
455.827698 98.255
459.130798 98.233
462.457855 98.212
465.809021 98.190
469.184448 98.168
472.584381 98.146
476.008911 98.125
479.458252 98.103
482.932617 98.082
486.432159 98.060
489.957031 98.038
493.507477 98.015
497.083618 97.992
500.685699 97.969
504.313873 97.946
507.968323 97.923
511.649292 97.899
515.356934 97.874
519.091370 97.850
522.852966 97.825
526.641724 97.801
530.458008 97.776
534.301941 97.752
538.173706 97.727
542.073547 97.703
546.001648 97.678
549.958191 97.654
553.943420 97.628
557.957520 97.603
562.000671 97.578
566.073181 97.552
570.175171 97.527
574.306885 97.501
578.468567 97.476
582.660400 97.450
586.882568 97.425
591.135376 97.399
595.419006 97.373
599.733643 97.347
604.079590 97.321
608.456970 97.295
612.866089 97.270
617.307190 97.244
621.780457 97.219
626.286133 97.193
630.824463 97.168
635.395691 97.143
640.000000 97.117
644.637695 97.091
649.309021 97.066
654.014160 97.041
658.753418 97.016
663.527039 96.992
668.335205 96.968
673.178284 96.944
678.056396 96.920
682.969849 96.896
687.918945 96.872
692.903870 96.849
697.924927 96.826
702.982422 96.803
708.076477 96.781
713.207520 96.760
718.375732 96.738
723.581360 96.717
728.824707 96.696
734.106079 96.676
739.425720 96.656
744.783936 96.636
750.180908 96.617
755.617065 96.598
761.092529 96.580
766.607727 96.563
772.162903 96.546
777.758301 96.531
783.394287 96.515
789.071045 96.501
794.789001 96.487
800.548340 96.474
806.349487 96.461
812.192627 96.448
818.078125 96.435
824.006226 96.422
829.977295 96.407
835.991699 96.392
842.049622 96.378
848.151428 96.367
854.297485 96.361
860.488098 96.358
866.723572 96.356
873.004211 96.351
879.330322 96.342
885.702332 96.329
892.120483 96.315
898.585144 96.305
905.096680 96.301
911.655396 96.302
918.261597 96.308
924.915710 96.316
931.618042 96.326
938.368896 96.338
945.168762 96.348
952.017822 96.358
958.916504 96.367
965.865234 96.374
972.864319 96.381
979.914062 96.388
987.014954 96.394
994.167236 96.399
1001.371399 96.402
1008.627747 96.403
1015.936646 96.403
1023.298584 96.404
1030.713867 96.406
1038.182739 96.409
1045.705933 96.414
1053.283447 96.421
1060.916016 96.431
1068.603882 96.445
1076.347412 96.461
1084.147095 96.480
1092.003296 96.501
1099.916382 96.525
1107.886841 96.550
1115.915039 96.576
1124.001343 96.601
1132.146362 96.626
1140.350342 96.648
1148.613770 96.669
1156.937134 96.685
1165.320801 96.697
1173.765137 96.705
1182.270752 96.711
1190.838013 96.716
1199.467285 96.719
1208.159180 96.722
1216.913940 96.724
1225.732178 96.726
1234.614380 96.727
1243.560913 96.729
1252.572266 96.732
1261.648926 96.735
1270.791382 96.740
1280.000000 96.745
1289.275391 96.750
1298.618042 96.756
1308.028320 96.761
1317.506836 96.767
1327.054077 96.774
1336.670410 96.780
1346.356567 96.787
1356.112793 96.793
1365.939697 96.800
1375.837891 96.806
1385.807739 96.813
1395.849854 96.820
1405.964844 96.828
1416.152954 96.837
1426.415039 96.846
1436.751465 96.856
1447.162720 96.866
1457.649414 96.877
1468.212158 96.889
1478.851440 96.900
1489.567871 96.913
1500.361816 96.926
1511.234131 96.940
1522.185059 96.955
1533.215454 96.971
1544.325806 96.988
1555.516602 97.006
1566.788574 97.024
1578.142090 97.042
1589.578003 97.062
1601.096680 97.084
1612.698975 97.106
1624.385254 97.130
1636.156250 97.154
1648.012451 97.180
1659.954590 97.206
1671.983398 97.234
1684.099243 97.262
1696.302856 97.292
1708.594971 97.323
1720.976196 97.355
1733.447144 97.388
1746.008423 97.422
1758.660645 97.457
1771.404663 97.492
1784.240967 97.529
1797.170288 97.567
1810.193359 97.605
1823.310791 97.644
1836.523193 97.685
1849.831421 97.726
1863.236084 97.768
1876.737793 97.811
1890.337524 97.855
1904.035645 97.900
1917.833008 97.945
1931.730469 97.991
1945.728638 98.038
1959.828125 98.086
1974.029907 98.135
1988.334473 98.184
2002.742798 98.234
2017.255493 98.285
2031.873291 98.336
2046.597168 98.388
2061.427734 98.442
2076.365479 98.497
2091.411865 98.554
2106.566895 98.615
2121.832031 98.678
2137.207764 98.746
2152.694824 98.819
2168.294189 98.899
2184.006592 98.986
2199.832764 99.079
2215.773682 99.179
2231.830078 99.285
2248.002686 99.399
2264.292725 99.519
2280.700684 99.646
2297.227539 99.779
2313.874268 99.920
2330.641602 100.068
2347.530273 100.222
2364.541504 100.382
2381.676025 100.548
2398.934570 100.720
2416.318359 100.896
2433.827881 101.076
2451.464355 101.259
2469.228760 101.443
2487.121826 101.624
2505.144531 101.800
2523.297852 101.968
2541.582764 102.125
2560.000000 102.269
2578.550781 102.397
2597.236084 102.511
2616.056641 102.610
2635.013672 102.694
2654.108154 102.765
2673.340820 102.823
2692.713135 102.868
2712.225586 102.901
2731.879395 102.924
2751.675781 102.936
2771.615479 102.939
2791.699707 102.933
2811.929688 102.920
2832.305908 102.899
2852.830078 102.871
2873.502930 102.838
2894.325439 102.800
2915.298828 102.757
2936.424316 102.710
2957.702881 102.659
2979.135742 102.604
3000.723633 102.544
3022.468262 102.479
3044.370117 102.410
3066.430908 102.335
3088.651611 102.255
3111.033203 102.170
3133.577148 102.078
3156.284180 101.979
3179.156006 101.874
3202.193359 101.761
3225.397949 101.641
3248.770508 101.513
3272.312500 101.377
3296.024902 101.235
3319.909180 101.085
3343.966797 100.931
3368.198486 100.772
3392.605713 100.613
3417.189941 100.454
3441.952393 100.299
3466.894287 100.150
3492.016846 100.011
3517.321289 99.882
3542.809326 99.764
3568.481934 99.660
3594.340576 99.569
3620.386719 99.488
3646.621582 99.417
3673.046387 99.352
3699.662842 99.290
3726.472168 99.230
3753.475586 99.169
3780.675049 99.107
3808.071289 99.042
3835.666016 98.975
3863.460938 98.906
3891.457275 98.835
3919.656250 98.763
3948.059814 98.692
3976.668945 98.624
4005.485596 98.563
4034.510986 98.509
4063.746582 98.463
4093.194336 98.425
4122.855469 98.395
4152.730957 98.374
4182.823730 98.361
4213.133789 98.354
4243.664062 98.351
4274.415527 98.351
4305.389648 98.354
4336.588379 98.359
4368.013184 98.366
4399.665527 98.374
4431.547363 98.383
4463.660156 98.393
4496.005371 98.404
4528.585449 98.417
4561.401367 98.431
4594.455078 98.447
4627.748535 98.463
4661.283203 98.482
4695.060547 98.502
4729.083008 98.526
4763.352051 98.555
4797.869141 98.592
4832.636719 98.640
4867.655762 98.700
4902.928711 98.774
4938.457520 98.864
4974.243652 98.969
5010.289062 99.091
5046.595703 99.226
5083.165527 99.376
5120.000000 99.537
5157.101562 99.710
5194.472168 99.894
5232.113281 100.088
5270.027344 100.293
5308.216309 100.511
5346.681641 100.742
5385.426270 100.987
5424.451172 101.247
5463.758789 101.520
5503.351562 101.805
5543.230957 102.096
5583.399414 102.386
5623.859375 102.661
5664.611816 102.907
5705.660156 103.102
5747.005859 103.226
5788.650879 103.260
5830.597656 103.194
5872.848633 103.025
5915.405762 102.765
5958.271484 102.436
6001.447266 102.063
6044.936523 101.676
6088.740234 101.303
6132.861816 100.966
6177.303223 100.682
6222.066406 100.459
6267.154297 100.296
6312.568359 100.193
6358.312012 100.145
6404.386719 100.150
6450.795898 100.207
6497.541016 100.312
6544.625000 100.462
6592.049805 100.651
6639.818359 100.876
6687.933594 101.130
6736.396973 101.403
6785.211426 101.683
6834.379883 101.954
6883.904785 102.193
6933.788574 102.375
6984.033691 102.474
7034.642578 102.465
7085.618652 102.329
7136.963867 102.056
7188.681152 101.646
7240.773438 101.112
7293.243164 100.477
7346.092773 99.770
7399.325684 99.016
7452.944336 98.236
7506.951172 97.456
7561.350098 96.696
7616.142578 95.962
7671.332031 95.255
7726.921875 94.581
7782.914551 93.950
7839.312500 93.364
7896.119629 92.816
7953.337891 92.294
8010.971191 91.783
8069.021973 91.269
8127.493164 90.748
8186.388672 90.212
8245.710938 89.654
8305.461914 89.066
8365.647461 88.452
8426.267578 87.834
8487.328125 87.243
8548.831055 86.717
8610.779297 86.313
8673.176758 86.072
8736.026367 85.953
8799.331055 85.845
8863.094727 85.660
8927.320312 85.374
8992.010742 85.012
9057.170898 84.619
9122.802734 84.244
9188.910156 83.937
9255.497070 83.741
9322.566406 83.666
9390.121094 83.685
9458.166016 83.764
9526.704102 83.878
9595.738281 84.005
9665.273438 84.128
9735.311523 84.242
9805.857422 84.358
9876.915039 84.494
9948.487305 84.667
10020.578125 84.886
10093.191406 85.139
10166.331055 85.400
10240.000000 85.638
10314.203125 85.849
10388.944336 86.062
10464.226562 86.315
10540.054688 86.624
10616.432617 86.989
10693.363281 87.405
10770.852539 87.869
10848.902344 88.385
10927.517578 88.954
11006.703125 89.572
11086.461914 90.231
11166.798828 90.911
11247.718750 91.585
11329.223633 92.220
11411.320312 92.787
11494.011719 93.254
11577.301758 93.589
11661.195312 93.765
11745.697266 93.769
11830.811523 93.609
11916.542969 93.307
12002.894531 92.898
12089.873047 92.420
12177.480469 91.913
12265.723633 91.419
12354.606445 90.999
12444.132812 90.740
12534.308594 90.750
12625.136719 91.073
12716.624023 91.603
12808.773438 92.132
12901.591797 92.495
12995.082031 92.645
13089.250000 92.618
13184.099609 92.475
13279.636719 92.264
13375.867188 92.018
13472.793945 91.757
13570.422852 91.492
13668.759766 91.232
13767.809570 90.981
13867.577148 90.745
13968.067383 90.540
14069.285156 90.378
14171.237305 90.255
14273.927734 90.150
14377.362305 90.042
14481.546875 89.915
14586.486328 89.766
14692.185547 89.615
14798.651367 89.495
14905.888672 89.422
15013.902344 89.387
15122.700195 89.374
15232.285156 89.382
15342.664062 89.431
15453.843750 89.556
15565.829102 89.788
15678.625000 90.151
15792.239258 90.669
15906.675781 91.364
16021.942383 92.233
16138.043945 93.197
16254.986328 94.099
16372.777344 94.751
16491.421875 95.021
16610.923828 94.865
16731.294922 94.330
16852.535156 93.514
16974.656250 92.534
17097.662109 91.501
17221.558594 90.500
17346.353516 89.589
17472.052734 88.797
17598.662109 88.132
17726.189453 87.589
17854.640625 87.157
17984.021484 86.823
18114.341797 86.576
18245.605469 86.406
18377.820312 86.302
18510.994141 86.243
18645.132812 86.196
18780.242188 86.117
18916.332031 85.971
19053.408203 85.746
19191.476562 85.446
19330.546875 85.089
19470.623047 84.709
19611.714844 84.345
19753.830078 84.035
19896.974609 83.811
