20.000000 107.477
20.144928 107.479
20.290907 107.482
20.437943 107.485
20.586044 107.487
20.735220 107.490
20.885475 107.493
21.036821 107.495
21.189262 107.497
21.342808 107.498
21.497467 107.497
21.653246 107.497
21.810154 107.495
21.968201 107.494
22.127390 107.492
22.287735 107.491
22.449242 107.489
22.611917 107.488
22.775772 107.488
22.940815 107.487
23.107054 107.486
23.274498 107.485
23.443153 107.483
23.613033 107.480
23.784142 107.477
23.956491 107.473
24.130091 107.467
24.304947 107.461
24.481071 107.455
24.658470 107.448
24.837156 107.441
25.017136 107.434
25.198421 107.428
25.381020 107.421
25.564941 107.413
25.750195 107.406
25.936790 107.397
26.124741 107.388
26.314051 107.378
26.504732 107.367
26.696796 107.356
26.890253 107.344
27.085112 107.332
27.281382 107.320
27.479073 107.308
27.678198 107.296
27.878765 107.284
28.080786 107.272
28.284271 107.260
28.489231 107.247
28.695675 107.234
28.903616 107.221
29.113064 107.206
29.324028 107.191
29.536524 107.176
29.750557 107.160
29.966141 107.144
30.183289 107.128
30.402010 107.112
30.622314 107.096
30.844217 107.080
31.067726 107.065
31.292856 107.050
31.519617 107.034
31.748020 107.018
31.978081 107.000
32.209808 106.982
32.443211 106.963
32.678310 106.942
32.915108 106.921
33.153625 106.900
33.393871 106.878
33.635857 106.857
33.879597 106.837
34.125103 106.817
34.372387 106.797
34.621464 106.776
34.872345 106.754
35.125042 106.731
35.379574 106.705
35.635948 106.677
35.894180 106.649
36.154285 106.621
36.416275 106.594
36.680161 106.567
36.945961 106.543
37.213688 106.518
37.483353 106.495
37.754974 106.470
38.028561 106.445
38.304131 106.418
38.581699 106.391
38.861279 106.362
39.142883 106.333
39.426529 106.303
39.712231 106.271
40.000000 106.238
40.289856 106.204
40.581814 106.169
40.875885 106.134
41.172089 106.100
41.470440 106.069
41.770950 106.040
42.073643 106.012
42.378525 105.985
42.685616 105.956
42.994934 105.925
43.306492 105.893
43.620308 105.860
43.936401 105.826
44.254780 105.793
44.575470 105.759
44.898483 105.726
45.223835 105.692
45.551544 105.657
45.881630 105.622
46.214108 105.585
46.548996 105.548
46.886307 105.510
47.226067 105.471
47.568283 105.430
47.912983 105.389
48.260181 105.346
48.609894 105.303
48.962143 105.259
49.316940 105.215
49.674313 105.171
50.034271 105.128
50.396843 105.087
50.762039 105.047
51.129883 105.008
51.500389 104.968
51.873581 104.925
52.249481 104.877
52.628101 104.826
53.009464 104.774
53.393593 104.723
53.780506 104.675
54.170223 104.628
54.562763 104.581
54.958145 104.531
55.356396 104.479
55.757530 104.425
56.161572 104.372
56.568542 104.321
56.978462 104.271
57.391350 104.220
57.807232 104.167
58.226128 104.112
58.648056 104.056
59.073048 103.999
59.501114 103.944
59.932281 103.889
60.366577 103.832
60.804020 103.776
61.244629 103.718
61.688435 103.661
62.135452 103.605
62.585712 103.548
63.039234 103.491
63.496040 103.434
63.956161 103.376
64.419617 103.317
64.886421 103.256
65.356621 103.194
65.830215 103.134
66.307251 103.077
66.787743 103.024
67.271713 102.974
67.759193 102.926
68.250206 102.880
68.744774 102.837
69.242928 102.798
69.744690 102.765
70.250084 102.740
70.759148 102.727
71.271896 102.723
71.788361 102.727
72.308571 102.731
72.832550 102.731
73.360321 102.728
73.891922 102.719
74.427376 102.705
74.966705 102.686
75.509949 102.660
76.057121 102.628
76.608261 102.589
77.163399 102.544
77.722557 102.493
78.285767 102.438
78.853058 102.381
79.424461 102.321
80.000000 102.257
80.579712 102.190
81.163628 102.121
81.751770 102.052
82.344177 101.982
82.940880 101.913
83.541901 101.845
84.147285 101.776
84.757050 101.707
85.371231 101.639
85.989868 101.572
86.612984 101.504
87.240616 101.437
87.872803 101.370
88.509560 101.303
89.150940 101.236
89.796967 101.170
90.447670 101.105
91.103088 101.040
91.763260 100.976
92.428215 100.912
93.097992 100.847
93.772614 100.783
94.452133 100.719
95.136566 100.657
95.825966 100.595
96.520363 100.534
97.219788 100.473
97.924286 100.413
98.633881 100.354
99.348625 100.295
100.068542 100.236
100.793686 100.178
101.524078 100.122
102.259766 100.066
103.000778 100.012
103.747162 99.959
104.498962 99.908
105.256203 99.857
106.018929 99.807
106.787186 99.757
107.561012 99.707
108.340446 99.658
109.125526 99.608
109.916290 99.561
110.712791 99.514
111.515060 99.469
112.323143 99.424
113.137085 99.380
113.956924 99.336
114.782700 99.294
115.614464 99.252
116.452255 99.211
117.296112 99.171
118.146095 99.132
119.002228 99.094
119.864563 99.057
120.733154 99.020
121.608040 98.985
122.489258 98.951
123.376869 98.917
124.270905 98.885
125.171425 98.853
126.078468 98.822
126.992081 98.792
127.912323 98.763
128.839233 98.734
129.772842 98.708
130.713242 98.682
131.660431 98.658
132.614502 98.635
133.575485 98.613
134.543427 98.592
135.518387 98.571
136.500412 98.552
137.489548 98.534
138.485855 98.517
139.489380 98.502
140.500168 98.488
141.518295 98.476
142.543793 98.465
143.576721 98.455
144.617142 98.445
145.665100 98.437
146.720642 98.430
147.783844 98.424
148.854752 98.420
149.933411 98.418
151.019897 98.416
152.114243 98.415
153.216522 98.415
154.326797 98.417
155.445114 98.420
156.571533 98.425
157.706116 98.431
158.848923 98.439
160.000000 98.448
161.159424 98.459
162.327255 98.470
163.503540 98.483
164.688354 98.496
165.881760 98.511
167.083801 98.527
168.294571 98.546
169.514099 98.566
170.742462 98.587
171.979736 98.608
173.225967 98.628
174.481232 98.647
175.745605 98.661
177.019119 98.672
178.301880 98.678
179.593933 98.681
180.895340 98.679
182.206177 98.674
183.526520 98.667
184.856430 98.660
186.195984 98.653
187.545227 98.647
188.904266 98.641
190.273132 98.638
191.651932 98.637
193.040726 98.639
194.439575 98.644
195.848572 98.653
197.267761 98.665
198.697250 98.681
200.137085 98.701
201.587372 98.725
203.048157 98.751
204.519531 98.778
206.001556 98.805
207.494324 98.831
208.997925 98.856
210.512405 98.880
212.037857 98.903
213.574371 98.925
215.122025 98.945
216.680893 98.964
218.251053 98.981
219.832581 98.999
221.425583 99.015
223.030121 99.031
224.646286 99.047
226.274170 99.061
227.913849 99.075
229.565399 99.088
231.228928 99.100
232.904510 99.113
234.592224 99.125
236.292191 99.138
238.004456 99.149
239.729126 99.160
241.466309 99.171
243.216080 99.181
244.978516 99.191
246.753738 99.201
248.541809 99.211
250.342850 99.220
252.156937 99.228
253.984161 99.236
255.824646 99.243
257.678467 99.251
259.545685 99.259
261.426483 99.267
263.320862 99.274
265.229004 99.281
267.150970 99.288
269.086853 99.295
271.036774 99.300
273.000824 99.306
274.979095 99.310
276.971710 99.314
278.978760 99.318
281.000336 99.321
283.036591 99.325
285.087585 99.328
287.153442 99.330
289.234283 99.333
291.330200 99.335
293.441284 99.336
295.567688 99.337
297.709503 99.338
299.866821 99.338
302.039795 99.338
304.228485 99.337
306.433044 99.336
308.653595 99.335
310.890228 99.334
313.143066 99.332
315.412231 99.330
317.697845 99.327
320.000000 99.324
322.318848 99.321
324.654510 99.318
327.007080 99.315
329.376709 99.311
331.763519 99.307
334.167603 99.303
336.589142 99.297
339.028198 99.291
341.484924 99.285
343.959473 99.277
346.451935 99.269
348.962463 99.261
351.491211 99.252
354.038239 99.243
356.603760 99.233
359.187866 99.224
361.790680 99.213
364.412354 99.203
367.053040 99.192
369.712860 99.181
372.391968 99.170
375.090454 99.159
377.808533 99.148
380.546265 99.136
383.303864 99.124
386.081451 99.112
388.879150 99.100
391.697144 99.087
394.535522 99.074
397.394501 99.061
400.274170 99.048
403.174744 99.034
406.096313 99.019
409.039062 99.004
412.003113 98.988
414.988647 98.971
417.995850 98.953
421.024811 98.935
424.075714 98.916
427.148743 98.897
430.244049 98.878
433.361786 98.858
436.502106 98.838
439.665161 98.818
442.851166 98.797
446.060242 98.777
449.292572 98.756
452.548340 98.735
455.827698 98.714
459.130798 98.693
462.457855 98.672
465.809021 98.652
469.184448 98.632
472.584381 98.612
476.008911 98.592
479.458252 98.572
482.932617 98.550
486.432159 98.529
489.957031 98.507
493.507477 98.486
497.083618 98.465
500.685699 98.443
504.313873 98.421
507.968323 98.398
511.649292 98.375
515.356934 98.352
519.091370 98.329
522.852966 98.306
526.641724 98.282
530.458008 98.257
534.301941 98.232
538.173706 98.207
542.073547 98.183
546.001648 98.158
549.958191 98.133
553.943420 98.108
557.957520 98.082
562.000671 98.057
566.073181 98.032
570.175171 98.007
574.306885 97.982
578.468567 97.957
582.660400 97.932
586.882568 97.907
591.135376 97.883
595.419006 97.858
599.733643 97.833
604.079590 97.809
608.456970 97.784
612.866089 97.760
617.307190 97.735
621.780457 97.709
626.286133 97.684
630.824463 97.659
635.395691 97.634
640.000000 97.609
644.637695 97.584
649.309021 97.559
654.014160 97.535
658.753418 97.511
663.527039 97.486
668.335205 97.461
673.178284 97.436
678.056396 97.411
682.969849 97.388
687.918945 97.365
692.903870 97.342
697.924927 97.320
702.982422 97.298
708.076477 97.276
713.207520 97.255
718.375732 97.235
723.581360 97.214
728.824707 97.193
734.106079 97.173
739.425720 97.154
744.783936 97.135
750.180908 97.118
755.617065 97.101
761.092529 97.084
766.607727 97.068
772.162903 97.052
777.758301 97.037
783.394287 97.022
789.071045 97.008
794.789001 96.994
800.548340 96.981
806.349487 96.969
812.192627 96.956
818.078125 96.944
824.006226 96.931
829.977295 96.917
835.991699 96.904
842.049622 96.891
848.151428 96.882
854.297485 96.877
860.488098 96.874
866.723572 96.872
873.004211 96.867
879.330322 96.858
885.702332 96.845
892.120483 96.832
898.585144 96.822
905.096680 96.818
911.655396 96.821
918.261597 96.828
924.915710 96.838
931.618042 96.849
938.368896 96.860
945.168762 96.872
952.017822 96.883
958.916504 96.894
965.865234 96.903
972.864319 96.912
979.914062 96.920
987.014954 96.926
994.167236 96.932
1001.371399 96.935
1008.627747 96.937
1015.936646 96.938
1023.298584 96.939
1030.713867 96.940
1038.182739 96.942
1045.705933 96.947
1053.283447 96.954
1060.916016 96.964
1068.603882 96.976
1076.347412 96.992
1084.147095 97.010
1092.003296 97.031
1099.916382 97.055
1107.886841 97.082
1115.915039 97.111
1124.001343 97.142
1132.146362 97.173
1140.350342 97.205
1148.613770 97.234
1156.937134 97.259
1165.320801 97.281
1173.765137 97.299
1182.270752 97.315
1190.838013 97.327
1199.467285 97.336
1208.159180 97.345
1216.913940 97.352
1225.732178 97.358
1234.614380 97.364
1243.560913 97.369
1252.572266 97.374
1261.648926 97.378
1270.791382 97.382
1280.000000 97.386
1289.275391 97.390
1298.618042 97.394
1308.028320 97.397
1317.506836 97.401
1327.054077 97.405
1336.670410 97.410
1346.356567 97.415
1356.112793 97.420
1365.939697 97.428
1375.837891 97.437
1385.807739 97.449
1395.849854 97.463
1405.964844 97.480
1416.152954 97.499
1426.415039 97.521
1436.751465 97.543
1447.162720 97.567
1457.649414 97.590
1468.212158 97.613
1478.851440 97.635
1489.567871 97.656
1500.361816 97.676
1511.234131 97.695
1522.185059 97.714
1533.215454 97.733
1544.325806 97.751
1555.516602 97.770
1566.788574 97.789
1578.142090 97.809
1589.578003 97.830
1601.096680 97.851
1612.698975 97.873
1624.385254 97.896
1636.156250 97.919
1648.012451 97.944
1659.954590 97.969
1671.983398 97.996
1684.099243 98.025
1696.302856 98.054
1708.594971 98.084
1720.976196 98.114
1733.447144 98.146
1746.008423 98.178
1758.660645 98.212
1771.404663 98.246
1784.240967 98.282
1797.170288 98.320
1810.193359 98.361
1823.310791 98.406
1836.523193 98.458
1849.831421 98.518
1863.236084 98.589
1876.737793 98.672
1890.337524 98.767
1904.035645 98.873
1917.833008 98.984
1931.730469 99.095
1945.728638 99.203
1959.828125 99.302
1974.029907 99.394
1988.334473 99.478
2002.742798 99.557
2017.255493 99.631
2031.873291 99.703
2046.597168 99.773
2061.427734 99.844
2076.365479 99.916
2091.411865 99.990
2106.566895 100.066
2121.832031 100.145
2137.207764 100.226
2152.694824 100.310
2168.294189 100.396
2184.006592 100.486
2199.832764 100.579
2215.773682 100.674
2231.830078 100.773
2248.002686 100.874
2264.292725 100.979
2280.700684 101.089
2297.227539 101.206
2313.874268 101.330
2330.641602 101.466
2347.530273 101.611
2364.541504 101.767
2381.676025 101.928
2398.934570 102.091
2416.318359 102.251
2433.827881 102.404
2451.464355 102.548
2469.228760 102.682
2487.121826 102.809
2505.144531 102.929
2523.297852 103.045
2541.582764 103.157
2560.000000 103.266
2578.550781 103.372
2597.236084 103.472
2616.056641 103.566
2635.013672 103.651
2654.108154 103.727
2673.340820 103.792
2692.713135 103.846
2712.225586 103.888
2731.879395 103.920
2751.675781 103.940
2771.615479 103.949
2791.699707 103.947
2811.929688 103.936
2832.305908 103.916
2852.830078 103.888
2873.502930 103.853
2894.325439 103.812
2915.298828 103.767
2936.424316 103.717
2957.702881 103.665
2979.135742 103.610
3000.723633 103.554
3022.468262 103.497
3044.370117 103.439
3066.430908 103.381
3088.651611 103.320
3111.033203 103.257
3133.577148 103.189
3156.284180 103.115
3179.156006 103.033
3202.193359 102.943
3225.397949 102.843
3248.770508 102.730
3272.312500 102.603
3296.024902 102.460
3319.909180 102.302
3343.966797 102.128
3368.198486 101.943
3392.605713 101.752
3417.189941 101.561
3441.952393 101.379
3466.894287 101.210
3492.016846 101.059
3517.321289 100.926
3542.809326 100.809
3568.481934 100.706
3594.340576 100.614
3620.386719 100.530
3646.621582 100.451
3673.046387 100.376
3699.662842 100.302
3726.472168 100.230
3753.475586 100.158
3780.675049 100.086
3808.071289 100.015
3835.666016 99.945
3863.460938 99.876
3891.457275 99.809
3919.656250 99.742
3948.059814 99.678
3976.668945 99.619
4005.485596 99.566
4034.510986 99.522
4063.746582 99.485
4093.194336 99.457
4122.855469 99.436
4152.730957 99.425
4182.823730 99.422
4213.133789 99.425
4243.664062 99.433
4274.415527 99.446
4305.389648 99.464
4336.588379 99.486
4368.013184 99.511
4399.665527 99.539
4431.547363 99.569
4463.660156 99.602
4496.005371 99.637
4528.585449 99.675
4561.401367 99.715
4594.455078 99.758
4627.748535 99.803
4661.283203 99.852
4695.060547 99.905
4729.083008 99.964
4763.352051 100.028
4797.869141 100.099
4832.636719 100.176
4867.655762 100.258
4902.928711 100.346
4938.457520 100.440
4974.243652 100.541
5010.289062 100.652
5046.595703 100.772
5083.165527 100.902
5120.000000 101.043
5157.101562 101.193
5194.472168 101.351
5232.113281 101.517
5270.027344 101.689
5308.216309 101.867
5346.681641 102.050
5385.426270 102.238
5424.451172 102.432
5463.758789 102.632
5503.351562 102.839
5543.230957 103.053
5583.399414 103.273
5623.859375 103.499
5664.611816 103.726
5705.660156 103.945
5747.005859 104.142
5788.650879 104.297
5830.597656 104.385
5872.848633 104.383
5915.405762 104.276
5958.271484 104.067
6001.447266 103.770
6044.936523 103.403
6088.740234 102.991
6132.861816 102.560
6177.303223 102.135
6222.066406 101.740
6267.154297 101.391
6312.568359 101.097
6358.312012 100.858
6404.386719 100.671
6450.795898 100.532
6497.541016 100.441
6544.625000 100.399
6592.049805 100.405
6639.818359 100.459
6687.933594 100.557
6736.396973 100.698
6785.211426 100.881
6834.379883 101.103
6883.904785 101.363
6933.788574 101.656
6984.033691 101.977
7034.642578 102.316
7085.618652 102.662
7136.963867 102.997
7188.681152 103.298
7240.773438 103.540
7293.243164 103.695
7346.092773 103.739
7399.325684 103.652
7452.944336 103.428
7506.951172 103.073
7561.350098 102.601
7616.142578 102.034
7671.332031 101.395
7726.921875 100.715
7782.914551 100.022
7839.312500 99.339
7896.119629 98.675
7953.337891 98.029
8010.971191 97.394
8069.021973 96.766
8127.493164 96.145
8186.388672 95.532
8245.710938 94.926
8305.461914 94.318
8365.647461 93.702
8426.267578 93.083
8487.328125 92.482
8548.831055 91.950
8610.779297 91.543
8673.176758 91.265
8736.026367 91.057
8799.331055 90.842
8863.094727 90.569
8927.320312 90.230
8992.010742 89.844
9057.170898 89.445
9122.802734 89.077
9188.910156 88.792
9255.497070 88.632
9322.566406 88.602
9390.121094 88.666
9458.166016 88.768
9526.704102 88.856
9595.738281 88.910
9665.273438 88.958
9735.311523 89.059
9805.857422 89.241
9876.915039 89.479
9948.487305 89.741
10020.578125 90.015
10093.191406 90.302
10166.331055 90.610
10240.000000 90.951
10314.203125 91.339
10388.944336 91.786
10464.226562 92.299
10540.054688 92.880
10616.432617 93.519
10693.363281 94.198
10770.852539 94.890
10848.902344 95.559
10927.517578 96.170
11006.703125 96.692
11086.461914 97.098
11166.798828 97.372
11247.718750 97.506
11329.223633 97.507
11411.320312 97.389
11494.011719 97.167
11577.301758 96.859
11661.195312 96.487
11745.697266 96.078
11830.811523 95.656
11916.542969 95.241
12002.894531 94.846
12089.873047 94.475
12177.480469 94.126
12265.723633 93.792
12354.606445 93.462
12444.132812 93.123
12534.308594 92.761
12625.136719 92.363
12716.624023 91.920
12808.773438 91.427
12901.591797 90.884
12995.082031 90.301
13089.250000 89.688
13184.099609 89.062
13279.636719 88.443
13375.867188 87.856
13472.793945 87.332
13570.422852 86.896
13668.759766 86.566
13767.809570 86.350
13867.577148 86.252
13968.067383 86.275
14069.285156 86.407
14171.237305 86.612
14273.927734 86.838
14377.362305 87.042
14481.546875 87.196
14586.486328 87.293
14692.185547 87.350
14798.651367 87.397
14905.888672 87.466
15013.902344 87.582
15122.700195 87.768
15232.285156 88.055
15342.664062 88.471
15453.843750 89.037
15565.829102 89.759
15678.625000 90.609
15792.239258 91.524
15906.675781 92.407
16021.942383 93.142
16138.043945 93.616
16254.986328 93.753
16372.777344 93.541
16491.421875 93.032
16610.923828 92.316
16731.294922 91.512
16852.535156 90.740
16974.656250 90.100
17097.662109 89.647
17221.558594 89.381
17346.353516 89.239
17472.052734 89.110
17598.662109 88.858
17726.189453 88.355
17854.640625 87.518
17984.021484 86.331
18114.341797 84.841
18245.605469 83.141
18377.820312 81.351
18510.994141 79.601
18645.132812 77.992
18780.242188 76.533
18916.332031 75.150
19053.408203 73.783
19191.476562 72.510
19330.546875 71.508
19470.623047 70.879
19611.714844 70.561
19753.830078 70.431
19896.974609 70.393
