20.000000 109.069
20.144928 109.077
20.290907 109.085
20.437943 109.092
20.586044 109.098
20.735220 109.103
20.885475 109.106
21.036821 109.108
21.189262 109.108
21.342808 109.107
21.497467 109.104
21.653246 109.100
21.810154 109.095
21.968201 109.090
22.127390 109.084
22.287735 109.078
22.449242 109.073
22.611917 109.069
22.775772 109.066
22.940815 109.064
23.107054 109.064
23.274498 109.065
23.443153 109.067
23.613033 109.070
23.784142 109.073
23.956491 109.076
24.130091 109.079
24.304947 109.079
24.481071 109.078
24.658470 109.075
24.837156 109.071
25.017136 109.065
25.198421 109.059
25.381020 109.052
25.564941 109.045
25.750195 109.039
25.936790 109.033
26.124741 109.028
26.314051 109.022
26.504732 109.017
26.696796 109.010
26.890253 109.002
27.085112 108.993
27.281382 108.982
27.479073 108.970
27.678198 108.957
27.878765 108.944
28.080786 108.931
28.284271 108.919
28.489231 108.907
28.695675 108.896
28.903616 108.885
29.113064 108.875
29.324028 108.864
29.536524 108.852
29.750557 108.840
29.966141 108.826
30.183289 108.811
30.402010 108.796
30.622314 108.779
30.844217 108.762
31.067726 108.744
31.292856 108.727
31.519617 108.710
31.748020 108.694
31.978081 108.677
32.209808 108.660
32.443211 108.642
32.678310 108.624
32.915108 108.605
33.153625 108.584
33.393871 108.563
33.635857 108.542
33.879597 108.520
34.125103 108.498
34.372387 108.476
34.621464 108.455
34.872345 108.434
35.125042 108.412
35.379574 108.391
35.635948 108.369
35.894180 108.347
36.154285 108.324
36.416275 108.301
36.680161 108.277
36.945961 108.252
37.213688 108.227
37.483353 108.201
37.754974 108.175
38.028561 108.148
38.304131 108.122
38.581699 108.097
38.861279 108.072
39.142883 108.048
39.426529 108.023
39.712231 107.997
40.000000 107.970
40.289856 107.941
40.581814 107.910
40.875885 107.878
41.172089 107.846
41.470440 107.816
41.770950 107.786
42.073643 107.756
42.378525 107.726
42.685616 107.695
42.994934 107.662
43.306492 107.628
43.620308 107.592
43.936401 107.557
44.254780 107.522
44.575470 107.489
44.898483 107.456
45.223835 107.424
45.551544 107.391
45.881630 107.357
46.214108 107.322
46.548996 107.286
46.886307 107.249
47.226067 107.212
47.568283 107.176
47.912983 107.139
48.260181 107.102
48.609894 107.064
48.962143 107.025
49.316940 106.986
49.674313 106.947
50.034271 106.908
50.396843 106.869
50.762039 106.830
51.129883 106.789
51.500389 106.748
51.873581 106.705
52.249481 106.661
52.628101 106.617
53.009464 106.573
53.393593 106.530
53.780506 106.486
54.170223 106.442
54.562763 106.398
54.958145 106.354
55.356396 106.310
55.757530 106.266
56.161572 106.222
56.568542 106.177
56.978462 106.131
57.391350 106.084
57.807232 106.036
58.226128 105.987
58.648056 105.939
59.073048 105.890
59.501114 105.842
59.932281 105.792
60.366577 105.743
60.804020 105.692
61.244629 105.642
61.688435 105.592
62.135452 105.542
62.585712 105.492
63.039234 105.441
63.496040 105.390
63.956161 105.339
64.419617 105.288
64.886421 105.236
65.356621 105.183
65.830215 105.130
66.307251 105.075
66.787743 105.020
67.271713 104.965
67.759193 104.909
68.250206 104.853
68.744774 104.798
69.242928 104.743
69.744690 104.688
70.250084 104.633
70.759148 104.577
71.271896 104.521
71.788361 104.464
72.308571 104.408
72.832550 104.352
73.360321 104.294
73.891922 104.237
74.427376 104.179
74.966705 104.121
75.509949 104.063
76.057121 104.005
76.608261 103.947
77.163399 103.888
77.722557 103.830
78.285767 103.770
78.853058 103.710
79.424461 103.650
80.000000 103.591
80.579712 103.531
81.163628 103.470
81.751770 103.409
82.344177 103.348
82.940880 103.287
83.541901 103.226
84.147285 103.165
84.757050 103.103
85.371231 103.042
85.989868 102.981
86.612984 102.920
87.240616 102.858
87.872803 102.797
88.509560 102.736
89.150940 102.676
89.796967 102.615
90.447670 102.554
91.103088 102.494
91.763260 102.434
92.428215 102.375
93.097992 102.315
93.772614 102.255
94.452133 102.195
95.136566 102.138
95.825966 102.081
96.520363 102.023
97.219788 101.965
97.924286 101.908
98.633881 101.851
99.348625 101.795
100.068542 101.740
100.793686 101.686
101.524078 101.632
102.259766 101.578
103.000778 101.524
103.747162 101.469
104.498962 101.414
105.256203 101.360
106.018929 101.308
106.787186 101.255
107.561012 101.203
108.340446 101.150
109.125526 101.099
109.916290 101.048
110.712791 100.998
111.515060 100.949
112.323143 100.901
113.137085 100.854
113.956924 100.809
114.782700 100.764
115.614464 100.721
116.452255 100.680
117.296112 100.640
118.146095 100.603
119.002228 100.567
119.864563 100.533
120.733154 100.502
121.608040 100.475
122.489258 100.451
123.376869 100.431
124.270905 100.414
125.171425 100.398
126.078468 100.383
126.992081 100.368
127.912323 100.354
128.839233 100.340
129.772842 100.327
130.713242 100.314
131.660431 100.299
132.614502 100.284
133.575485 100.268
134.543427 100.252
135.518387 100.235
136.500412 100.219
137.489548 100.203
138.485855 100.187
139.489380 100.172
140.500168 100.159
141.518295 100.147
142.543793 100.137
143.576721 100.128
144.617142 100.119
145.665100 100.112
146.720642 100.105
147.783844 100.099
148.854752 100.093
149.933411 100.088
151.019897 100.084
152.114243 100.082
153.216522 100.081
154.326797 100.081
155.445114 100.084
156.571533 100.089
157.706116 100.095
158.848923 100.104
160.000000 100.114
161.159424 100.125
162.327255 100.137
163.503540 100.150
164.688354 100.164
165.881760 100.179
167.083801 100.197
168.294571 100.216
169.514099 100.235
170.742462 100.255
171.979736 100.276
173.225967 100.297
174.481232 100.316
175.745605 100.331
177.019119 100.342
178.301880 100.349
179.593933 100.351
180.895340 100.349
182.206177 100.344
183.526520 100.336
184.856430 100.327
186.195984 100.319
187.545227 100.313
188.904266 100.307
190.273132 100.304
191.651932 100.302
193.040726 100.304
194.439575 100.308
195.848572 100.316
197.267761 100.328
198.697250 100.343
200.137085 100.361
201.587372 100.383
203.048157 100.407
204.519531 100.432
206.001556 100.457
207.494324 100.481
208.997925 100.503
210.512405 100.525
212.037857 100.546
213.574371 100.566
215.122025 100.584
216.680893 100.601
218.251053 100.617
219.832581 100.633
221.425583 100.647
223.030121 100.662
224.646286 100.676
226.274170 100.689
227.913849 100.702
229.565399 100.716
231.228928 100.729
232.904510 100.742
234.592224 100.755
236.292191 100.769
238.004456 100.784
239.729126 100.799
241.466309 100.817
243.216080 100.836
244.978516 100.858
246.753738 100.881
248.541809 100.906
250.342850 100.932
252.156937 100.959
253.984161 100.985
255.824646 101.012
257.678467 101.038
259.545685 101.062
261.426483 101.085
263.320862 101.106
265.229004 101.125
267.150970 101.141
269.086853 101.155
271.036774 101.166
273.000824 101.175
274.979095 101.181
276.971710 101.186
278.978760 101.189
281.000336 101.191
283.036591 101.191
285.087585 101.190
287.153442 101.188
289.234283 101.186
291.330200 101.184
293.441284 101.181
295.567688 101.178
297.709503 101.175
299.866821 101.171
302.039795 101.167
304.228485 101.162
306.433044 101.158
308.653595 101.152
310.890228 101.147
313.143066 101.141
315.412231 101.135
317.697845 101.129
320.000000 101.123
322.318848 101.116
324.654510 101.108
327.007080 101.101
329.376709 101.093
331.763519 101.084
334.167603 101.075
336.589142 101.065
339.028198 101.055
341.484924 101.044
343.959473 101.033
346.451935 101.022
348.962463 101.011
351.491211 100.999
354.038239 100.988
356.603760 100.977
359.187866 100.965
361.790680 100.954
364.412354 100.942
367.053040 100.930
369.712860 100.918
372.391968 100.905
375.090454 100.892
377.808533 100.878
380.546265 100.864
383.303864 100.851
386.081451 100.836
388.879150 100.822
391.697144 100.807
394.535522 100.791
397.394501 100.775
400.274170 100.759
403.174744 100.742
406.096313 100.725
409.039062 100.708
412.003113 100.690
414.988647 100.673
417.995850 100.655
421.024811 100.636
424.075714 100.618
427.148743 100.599
430.244049 100.579
433.361786 100.560
436.502106 100.540
439.665161 100.519
442.851166 100.498
446.060242 100.477
449.292572 100.455
452.548340 100.433
455.827698 100.411
459.130798 100.388
462.457855 100.366
465.809021 100.344
469.184448 100.322
472.584381 100.300
476.008911 100.277
479.458252 100.255
482.932617 100.233
486.432159 100.210
489.957031 100.187
493.507477 100.164
497.083618 100.140
500.685699 100.116
504.313873 100.093
507.968323 100.070
511.649292 100.046
515.356934 100.023
519.091370 100.000
522.852966 99.976
526.641724 99.952
530.458008 99.927
534.301941 99.902
538.173706 99.876
542.073547 99.850
546.001648 99.824
549.958191 99.799
553.943420 99.773
557.957520 99.746
562.000671 99.719
566.073181 99.692
570.175171 99.665
574.306885 99.638
578.468567 99.610
582.660400 99.583
586.882568 99.556
591.135376 99.528
595.419006 99.501
599.733643 99.474
604.079590 99.446
608.456970 99.419
612.866089 99.392
617.307190 99.365
621.780457 99.338
626.286133 99.312
630.824463 99.286
635.395691 99.261
640.000000 99.234
644.637695 99.208
649.309021 99.182
654.014160 99.156
658.753418 99.130
663.527039 99.105
668.335205 99.079
673.178284 99.054
678.056396 99.029
682.969849 99.004
687.918945 98.978
692.903870 98.954
697.924927 98.929
702.982422 98.905
708.076477 98.880
713.207520 98.856
718.375732 98.832
723.581360 98.810
728.824707 98.788
734.106079 98.766
739.425720 98.746
744.783936 98.726
750.180908 98.706
755.617065 98.688
761.092529 98.670
766.607727 98.653
772.162903 98.636
777.758301 98.620
783.394287 98.604
789.071045 98.589
794.789001 98.575
800.548340 98.562
806.349487 98.549
812.192627 98.536
818.078125 98.522
824.006226 98.508
829.977295 98.493
835.991699 98.478
842.049622 98.465
848.151428 98.454
854.297485 98.447
860.488098 98.444
866.723572 98.441
873.004211 98.437
879.330322 98.428
885.702332 98.415
892.120483 98.402
898.585144 98.392
905.096680 98.389
911.655396 98.393
918.261597 98.402
924.915710 98.414
931.618042 98.428
938.368896 98.442
945.168762 98.457
952.017822 98.471
958.916504 98.484
965.865234 98.497
972.864319 98.509
979.914062 98.522
987.014954 98.533
994.167236 98.544
1001.371399 98.554
1008.627747 98.562
1015.936646 98.570
1023.298584 98.579
1030.713867 98.589
1038.182739 98.601
1045.705933 98.615
1053.283447 98.632
1060.916016 98.652
1068.603882 98.675
1076.347412 98.702
1084.147095 98.732
1092.003296 98.764
1099.916382 98.800
1107.886841 98.837
1115.915039 98.876
1124.001343 98.914
1132.146362 98.953
1140.350342 98.989
1148.613770 99.023
1156.937134 99.052
1165.320801 99.079
1173.765137 99.102
1182.270752 99.124
1190.838013 99.143
1199.467285 99.161
1208.159180 99.178
1216.913940 99.195
1225.732178 99.212
1234.614380 99.228
1243.560913 99.245
1252.572266 99.261
1261.648926 99.278
1270.791382 99.294
1280.000000 99.310
1289.275391 99.325
1298.618042 99.341
1308.028320 99.355
1317.506836 99.370
1327.054077 99.385
1336.670410 99.399
1346.356567 99.414
1356.112793 99.429
1365.939697 99.443
1375.837891 99.458
1385.807739 99.473
1395.849854 99.488
1405.964844 99.503
1416.152954 99.519
1426.415039 99.535
1436.751465 99.551
1447.162720 99.568
1457.649414 99.585
1468.212158 99.603
1478.851440 99.621
1489.567871 99.639
1500.361816 99.658
1511.234131 99.677
1522.185059 99.697
1533.215454 99.718
1544.325806 99.739
1555.516602 99.761
1566.788574 99.783
1578.142090 99.807
1589.578003 99.831
1601.096680 99.857
1612.698975 99.884
1624.385254 99.911
1636.156250 99.939
1648.012451 99.968
1659.954590 99.998
1671.983398 100.029
1684.099243 100.061
1696.302856 100.094
1708.594971 100.128
1720.976196 100.163
1733.447144 100.199
1746.008423 100.236
1758.660645 100.275
1771.404663 100.315
1784.240967 100.356
1797.170288 100.398
1810.193359 100.442
1823.310791 100.486
1836.523193 100.533
1849.831421 100.580
1863.236084 100.629
1876.737793 100.680
1890.337524 100.733
1904.035645 100.787
1917.833008 100.844
1931.730469 100.902
1945.728638 100.962
1959.828125 101.025
1974.029907 101.089
1988.334473 101.154
2002.742798 101.222
2017.255493 101.291
2031.873291 101.362
2046.597168 101.434
2061.427734 101.508
2076.365479 101.583
2091.411865 101.661
2106.566895 101.741
2121.832031 101.823
2137.207764 101.908
2152.694824 101.994
2168.294189 102.082
2184.006592 102.173
2199.832764 102.265
2215.773682 102.360
2231.830078 102.457
2248.002686 102.556
2264.292725 102.656
2280.700684 102.758
2297.227539 102.862
2313.874268 102.967
2330.641602 103.073
2347.530273 103.180
2364.541504 103.288
2381.676025 103.396
2398.934570 103.504
2416.318359 103.613
2433.827881 103.722
2451.464355 103.832
2469.228760 103.942
2487.121826 104.052
2505.144531 104.163
2523.297852 104.275
2541.582764 104.386
2560.000000 104.497
2578.550781 104.605
2597.236084 104.708
2616.056641 104.804
2635.013672 104.891
2654.108154 104.968
2673.340820 105.032
2692.713135 105.085
2712.225586 105.125
2731.879395 105.153
2751.675781 105.170
2771.615479 105.175
2791.699707 105.170
2811.929688 105.155
2832.305908 105.133
2852.830078 105.103
2873.502930 105.067
2894.325439 105.025
2915.298828 104.977
2936.424316 104.925
2957.702881 104.868
2979.135742 104.806
3000.723633 104.739
3022.468262 104.665
3044.370117 104.584
3066.430908 104.497
3088.651611 104.402
3111.033203 104.299
3133.577148 104.190
3156.284180 104.074
3179.156006 103.951
3202.193359 103.823
3225.397949 103.691
3248.770508 103.556
3272.312500 103.419
3296.024902 103.282
3319.909180 103.146
3343.966797 103.011
3368.198486 102.881
3392.605713 102.755
3417.189941 102.636
3441.952393 102.527
3466.894287 102.429
3492.016846 102.342
3517.321289 102.264
3542.809326 102.193
3568.481934 102.127
3594.340576 102.061
3620.386719 101.992
3646.621582 101.917
3673.046387 101.833
3699.662842 101.740
3726.472168 101.637
3753.475586 101.524
3780.675049 101.404
3808.071289 101.280
3835.666016 101.153
3863.460938 101.027
3891.457275 100.902
3919.656250 100.779
3948.059814 100.662
3976.668945 100.551
4005.485596 100.449
4034.510986 100.357
4063.746582 100.274
4093.194336 100.200
4122.855469 100.135
4152.730957 100.079
4182.823730 100.031
4213.133789 99.988
4243.664062 99.950
4274.415527 99.915
4305.389648 99.882
4336.588379 99.852
4368.013184 99.823
4399.665527 99.795
4431.547363 99.767
4463.660156 99.741
4496.005371 99.716
4528.585449 99.691
4561.401367 99.666
4594.455078 99.642
4627.748535 99.617
4661.283203 99.592
4695.060547 99.567
4729.083008 99.544
4763.352051 99.522
4797.869141 99.504
4832.636719 99.489
4867.655762 99.478
4902.928711 99.473
4938.457520 99.474
4974.243652 99.482
5010.289062 99.501
5046.595703 99.530
5083.165527 99.572
5120.000000 99.624
5157.101562 99.686
5194.472168 99.757
5232.113281 99.836
5270.027344 99.921
5308.216309 100.013
5346.681641 100.111
5385.426270 100.216
5424.451172 100.328
5463.758789 100.450
5503.351562 100.582
5543.230957 100.728
5583.399414 100.888
5623.859375 101.064
5664.611816 101.254
5705.660156 101.454
5747.005859 101.652
5788.650879 101.830
5830.597656 101.960
5872.848633 102.013
5915.405762 101.966
5958.271484 101.806
6001.447266 101.533
6044.936523 101.151
6088.740234 100.676
6132.861816 100.132
6177.303223 99.547
6222.066406 98.950
6267.154297 98.366
6312.568359 97.811
6358.312012 97.292
6404.386719 96.810
6450.795898 96.361
6497.541016 95.947
6544.625000 95.567
6592.049805 95.221
6639.818359 94.906
6687.933594 94.618
6736.396973 94.355
6785.211426 94.113
6834.379883 93.892
6883.904785 93.690
6933.788574 93.507
6984.033691 93.341
7034.642578 93.193
7085.618652 93.063
7136.963867 92.952
7188.681152 92.861
7240.773438 92.790
7293.243164 92.738
7346.092773 92.707
7399.325684 92.698
7452.944336 92.719
7506.951172 92.775
7561.350098 92.870
7616.142578 93.001
7671.332031 93.167
7726.921875 93.370
7782.914551 93.612
7839.312500 93.890
7896.119629 94.194
7953.337891 94.511
8010.971191 94.831
8069.021973 95.153
8127.493164 95.478
8186.388672 95.810
8245.710938 96.148
8305.461914 96.488
8365.647461 96.836
8426.267578 97.213
8487.328125 97.660
8548.831055 98.232
8610.779297 98.951
8673.176758 99.766
8736.026367 100.585
8799.331055 101.329
8863.094727 101.947
8927.320312 102.415
8992.010742 102.716
9057.170898 102.832
9122.802734 102.763
9188.910156 102.530
9255.497070 102.175
9322.566406 101.745
9390.121094 101.270
9458.166016 100.759
9526.704102 100.199
9595.738281 99.580
9665.273438 98.924
9735.311523 98.300
9805.857422 97.771
9876.915039 97.337
9948.487305 96.966
10020.578125 96.631
10093.191406 96.322
10166.331055 96.040
10240.000000 95.791
10314.203125 95.586
10388.944336 95.437
10464.226562 95.353
10540.054688 95.341
10616.432617 95.400
10693.363281 95.522
10770.852539 95.695
10848.902344 95.901
10927.517578 96.128
11006.703125 96.364
11086.461914 96.604
11166.798828 96.845
11247.718750 97.083
11329.223633 97.317
11411.320312 97.541
11494.011719 97.737
11577.301758 97.871
11661.195312 97.912
11745.697266 97.833
11830.811523 97.622
11916.542969 97.276
12002.894531 96.805
12089.873047 96.225
12177.480469 95.558
12265.723633 94.826
12354.606445 94.048
12444.132812 93.241
12534.308594 92.419
12625.136719 91.593
12716.624023 90.770
12808.773438 89.958
12901.591797 89.161
12995.082031 88.383
13089.250000 87.628
13184.099609 86.896
13279.636719 86.191
13375.867188 85.523
13472.793945 84.906
13570.422852 84.359
13668.759766 83.902
13767.809570 83.551
13867.577148 83.326
13968.067383 83.249
14069.285156 83.330
14171.237305 83.550
14273.927734 83.861
14377.362305 84.221
14481.546875 84.599
14586.486328 84.981
14692.185547 85.370
14798.651367 85.778
14905.888672 86.209
15013.902344 86.655
15122.700195 87.103
15232.285156 87.538
15342.664062 87.941
15453.843750 88.294
15565.829102 88.575
15678.625000 88.768
15792.239258 88.862
15906.675781 88.859
16021.942383 88.776
16138.043945 88.641
16254.986328 88.487
16372.777344 88.363
16491.421875 88.319
16610.923828 88.391
16731.294922 88.587
16852.535156 88.909
16974.656250 89.352
17097.662109 89.902
17221.558594 90.528
17346.353516 91.172
17472.052734 91.750
17598.662109 92.161
17726.189453 92.309
17854.640625 92.128
17984.021484 91.602
18114.341797 90.778
18245.605469 89.749
18377.820312 88.641
18510.994141 87.592
18645.132812 86.689
18780.242188 85.918
18916.332031 85.195
19053.408203 84.489
19191.476562 83.932
19330.546875 83.732
19470.623047 83.944
19611.714844 84.426
19753.830078 84.982
19896.974609 85.439
