20.000000 108.611
20.144928 108.631
20.290907 108.650
20.437943 108.668
20.586044 108.684
20.735220 108.698
20.885475 108.709
21.036821 108.718
21.189262 108.724
21.342808 108.727
21.497467 108.728
21.653246 108.726
21.810154 108.722
21.968201 108.717
22.127390 108.711
22.287735 108.704
22.449242 108.697
22.611917 108.690
22.775772 108.683
22.940815 108.676
23.107054 108.670
23.274498 108.664
23.443153 108.659
23.613033 108.653
23.784142 108.647
23.956491 108.642
24.130091 108.635
24.304947 108.629
24.481071 108.622
24.658470 108.615
24.837156 108.607
25.017136 108.600
25.198421 108.593
25.381020 108.586
25.564941 108.579
25.750195 108.572
25.936790 108.564
26.124741 108.556
26.314051 108.547
26.504732 108.537
26.696796 108.526
26.890253 108.513
27.085112 108.500
27.281382 108.487
27.479073 108.474
27.678198 108.461
27.878765 108.448
28.080786 108.436
28.284271 108.424
28.489231 108.413
28.695675 108.402
28.903616 108.390
29.113064 108.378
29.324028 108.366
29.536524 108.353
29.750557 108.340
29.966141 108.327
30.183289 108.314
30.402010 108.301
30.622314 108.288
30.844217 108.275
31.067726 108.262
31.292856 108.248
31.519617 108.233
31.748020 108.217
31.978081 108.200
32.209808 108.183
32.443211 108.164
32.678310 108.144
32.915108 108.123
33.153625 108.101
33.393871 108.079
33.635857 108.057
33.879597 108.035
34.125103 108.014
34.372387 107.994
34.621464 107.975
34.872345 107.957
35.125042 107.940
35.379574 107.921
35.635948 107.901
35.894180 107.880
36.154285 107.856
36.416275 107.830
36.680161 107.804
36.945961 107.778
37.213688 107.751
37.483353 107.725
37.754974 107.697
38.028561 107.668
38.304131 107.636
38.581699 107.603
38.861279 107.568
39.142883 107.534
39.426529 107.503
39.712231 107.475
40.000000 107.450
40.289856 107.426
40.581814 107.401
40.875885 107.373
41.172089 107.341
41.470440 107.306
41.770950 107.266
42.073643 107.225
42.378525 107.185
42.685616 107.147
42.994934 107.114
43.306492 107.087
43.620308 107.067
43.936401 107.050
44.254780 107.035
44.575470 107.017
44.898483 106.992
45.223835 106.960
45.551544 106.922
45.881630 106.882
46.214108 106.845
46.548996 106.814
46.886307 106.787
47.226067 106.760
47.568283 106.729
47.912983 106.690
48.260181 106.645
48.609894 106.597
48.962143 106.550
49.316940 106.508
49.674313 106.472
50.034271 106.438
50.396843 106.406
50.762039 106.373
51.129883 106.339
51.500389 106.305
51.873581 106.270
52.249481 106.233
52.628101 106.192
53.009464 106.147
53.393593 106.098
53.780506 106.049
54.170223 106.000
54.562763 105.952
54.958145 105.904
55.356396 105.855
55.757530 105.805
56.161572 105.755
56.568542 105.706
56.978462 105.660
57.391350 105.613
57.807232 105.566
58.226128 105.517
58.648056 105.467
59.073048 105.417
59.501114 105.369
59.932281 105.321
60.366577 105.273
60.804020 105.224
61.244629 105.173
61.688435 105.120
62.135452 105.068
62.585712 105.016
63.039234 104.964
63.496040 104.912
63.956161 104.859
64.419617 104.806
64.886421 104.753
65.356621 104.700
65.830215 104.647
66.307251 104.593
66.787743 104.538
67.271713 104.483
67.759193 104.428
68.250206 104.374
68.744774 104.320
69.242928 104.265
69.744690 104.208
70.250084 104.151
70.759148 104.094
71.271896 104.038
71.788361 103.983
72.308571 103.927
72.832550 103.871
73.360321 103.813
73.891922 103.754
74.427376 103.695
74.966705 103.635
75.509949 103.576
76.057121 103.517
76.608261 103.457
77.163399 103.399
77.722557 103.340
78.285767 103.281
78.853058 103.221
79.424461 103.161
80.000000 103.101
80.579712 103.041
81.163628 102.980
81.751770 102.918
82.344177 102.857
82.940880 102.796
83.541901 102.735
84.147285 102.675
84.757050 102.614
85.371231 102.553
85.989868 102.492
86.612984 102.431
87.240616 102.369
87.872803 102.308
88.509560 102.246
89.150940 102.184
89.796967 102.123
90.447670 102.062
91.103088 102.002
91.763260 101.942
92.428215 101.882
93.097992 101.823
93.772614 101.764
94.452133 101.705
95.136566 101.645
95.825966 101.585
96.520363 101.526
97.219788 101.467
97.924286 101.408
98.633881 101.349
99.348625 101.290
100.068542 101.232
100.793686 101.174
101.524078 101.117
102.259766 101.061
103.000778 101.005
103.747162 100.950
104.498962 100.895
105.256203 100.840
106.018929 100.786
106.787186 100.732
107.561012 100.679
108.340446 100.626
109.125526 100.573
109.916290 100.520
110.712791 100.468
111.515060 100.417
112.323143 100.367
113.137085 100.318
113.956924 100.269
114.782700 100.220
115.614464 100.172
116.452255 100.124
117.296112 100.076
118.146095 100.028
119.002228 99.981
119.864563 99.936
120.733154 99.891
121.608040 99.848
122.489258 99.806
123.376869 99.764
124.270905 99.723
125.171425 99.685
126.078468 99.648
126.992081 99.613
127.912323 99.583
128.839233 99.557
129.772842 99.538
130.713242 99.526
131.660431 99.523
132.614502 99.529
133.575485 99.543
134.543427 99.564
135.518387 99.591
136.500412 99.620
137.489548 99.649
138.485855 99.677
139.489380 99.702
140.500168 99.723
141.518295 99.739
142.543793 99.750
143.576721 99.756
144.617142 99.757
145.665100 99.755
146.720642 99.751
147.783844 99.745
148.854752 99.737
149.933411 99.728
151.019897 99.719
152.114243 99.710
153.216522 99.702
154.326797 99.694
155.445114 99.689
156.571533 99.684
157.706116 99.681
158.848923 99.680
160.000000 99.680
161.159424 99.683
162.327255 99.689
163.503540 99.699
164.688354 99.713
165.881760 99.731
167.083801 99.751
168.294571 99.775
169.514099 99.807
170.742462 99.846
171.979736 99.889
173.225967 99.936
174.481232 99.985
175.745605 100.035
177.019119 100.086
178.301880 100.136
179.593933 100.185
180.895340 100.229
182.206177 100.267
183.526520 100.298
184.856430 100.322
186.195984 100.340
187.545227 100.354
188.904266 100.364
190.273132 100.370
191.651932 100.374
193.040726 100.376
194.439575 100.377
195.848572 100.378
197.267761 100.382
198.697250 100.388
200.137085 100.397
201.587372 100.410
203.048157 100.425
204.519531 100.442
206.001556 100.459
207.494324 100.476
208.997925 100.491
210.512405 100.505
212.037857 100.518
213.574371 100.530
215.122025 100.541
216.680893 100.552
218.251053 100.563
219.832581 100.573
221.425583 100.583
223.030121 100.593
224.646286 100.602
226.274170 100.611
227.913849 100.619
229.565399 100.627
231.228928 100.634
232.904510 100.642
234.592224 100.650
236.292191 100.658
238.004456 100.665
239.729126 100.672
241.466309 100.679
243.216080 100.686
244.978516 100.692
246.753738 100.699
248.541809 100.705
250.342850 100.711
252.156937 100.717
253.984161 100.723
255.824646 100.728
257.678467 100.733
259.545685 100.738
261.426483 100.743
263.320862 100.748
265.229004 100.753
267.150970 100.758
269.086853 100.762
271.036774 100.766
273.000824 100.770
274.979095 100.773
276.971710 100.775
278.978760 100.778
281.000336 100.779
283.036591 100.781
285.087585 100.782
287.153442 100.782
289.234283 100.783
291.330200 100.782
293.441284 100.781
295.567688 100.779
297.709503 100.776
299.866821 100.772
302.039795 100.767
304.228485 100.760
306.433044 100.752
308.653595 100.743
310.890228 100.733
313.143066 100.722
315.412231 100.710
317.697845 100.699
320.000000 100.688
322.318848 100.678
324.654510 100.668
327.007080 100.659
329.376709 100.651
331.763519 100.644
334.167603 100.638
336.589142 100.632
339.028198 100.626
341.484924 100.620
343.959473 100.614
346.451935 100.606
348.962463 100.599
351.491211 100.590
354.038239 100.582
356.603760 100.572
359.187866 100.563
361.790680 100.552
364.412354 100.542
367.053040 100.532
369.712860 100.521
372.391968 100.510
375.090454 100.498
377.808533 100.486
380.546265 100.474
383.303864 100.461
386.081451 100.448
388.879150 100.434
391.697144 100.420
394.535522 100.406
397.394501 100.391
400.274170 100.376
403.174744 100.361
406.096313 100.345
409.039062 100.329
412.003113 100.313
414.988647 100.296
417.995850 100.280
421.024811 100.263
424.075714 100.245
427.148743 100.227
430.244049 100.209
433.361786 100.190
436.502106 100.171
439.665161 100.151
442.851166 100.132
446.060242 100.112
449.292572 100.093
452.548340 100.072
455.827698 100.052
459.130798 100.031
462.457855 100.010
465.809021 99.988
469.184448 99.967
472.584381 99.945
476.008911 99.924
479.458252 99.902
482.932617 99.880
486.432159 99.858
489.957031 99.835
493.507477 99.812
497.083618 99.789
500.685699 99.766
504.313873 99.743
507.968323 99.719
511.649292 99.696
515.356934 99.673
519.091370 99.649
522.852966 99.624
526.641724 99.600
530.458008 99.575
534.301941 99.550
538.173706 99.525
542.073547 99.500
546.001648 99.474
549.958191 99.448
553.943420 99.422
557.957520 99.396
562.000671 99.370
566.073181 99.344
570.175171 99.318
574.306885 99.292
578.468567 99.266
582.660400 99.240
586.882568 99.213
591.135376 99.186
595.419006 99.160
599.733643 99.134
604.079590 99.108
608.456970 99.082
612.866089 99.057
617.307190 99.031
621.780457 99.006
626.286133 98.981
630.824463 98.956
635.395691 98.930
640.000000 98.905
644.637695 98.879
649.309021 98.853
654.014160 98.827
658.753418 98.800
663.527039 98.774
668.335205 98.749
673.178284 98.723
678.056396 98.698
682.969849 98.674
687.918945 98.649
692.903870 98.625
697.924927 98.601
702.982422 98.578
708.076477 98.555
713.207520 98.533
718.375732 98.510
723.581360 98.488
728.824707 98.467
734.106079 98.446
739.425720 98.425
744.783936 98.405
750.180908 98.386
755.617065 98.367
761.092529 98.348
766.607727 98.330
772.162903 98.313
777.758301 98.297
783.394287 98.281
789.071045 98.266
794.789001 98.251
800.548340 98.238
806.349487 98.225
812.192627 98.211
818.078125 98.197
824.006226 98.183
829.977295 98.168
835.991699 98.153
842.049622 98.140
848.151428 98.129
854.297485 98.123
860.488098 98.120
866.723572 98.118
873.004211 98.113
879.330322 98.104
885.702332 98.092
892.120483 98.079
898.585144 98.071
905.096680 98.068
911.655396 98.072
918.261597 98.080
924.915710 98.090
931.618042 98.103
938.368896 98.116
945.168762 98.130
952.017822 98.143
958.916504 98.155
965.865234 98.166
972.864319 98.176
979.914062 98.186
987.014954 98.195
994.167236 98.204
1001.371399 98.211
1008.627747 98.217
1015.936646 98.223
1023.298584 98.228
1030.713867 98.236
1038.182739 98.245
1045.705933 98.256
1053.283447 98.271
1060.916016 98.288
1068.603882 98.309
1076.347412 98.334
1084.147095 98.361
1092.003296 98.391
1099.916382 98.424
1107.886841 98.459
1115.915039 98.495
1124.001343 98.532
1132.146362 98.568
1140.350342 98.602
1148.613770 98.633
1156.937134 98.660
1165.320801 98.682
1173.765137 98.702
1182.270752 98.719
1190.838013 98.734
1199.467285 98.748
1208.159180 98.761
1216.913940 98.774
1225.732178 98.786
1234.614380 98.798
1243.560913 98.810
1252.572266 98.822
1261.648926 98.834
1270.791382 98.846
1280.000000 98.858
1289.275391 98.870
1298.618042 98.882
1308.028320 98.894
1317.506836 98.906
1327.054077 98.919
1336.670410 98.931
1346.356567 98.943
1356.112793 98.955
1365.939697 98.967
1375.837891 98.979
1385.807739 98.992
1395.849854 99.004
1405.964844 99.016
1416.152954 99.029
1426.415039 99.041
1436.751465 99.054
1447.162720 99.067
1457.649414 99.081
1468.212158 99.097
1478.851440 99.113
1489.567871 99.131
1500.361816 99.150
1511.234131 99.170
1522.185059 99.192
1533.215454 99.214
1544.325806 99.236
1555.516602 99.258
1566.788574 99.282
1578.142090 99.306
1589.578003 99.331
1601.096680 99.357
1612.698975 99.385
1624.385254 99.414
1636.156250 99.444
1648.012451 99.475
1659.954590 99.507
1671.983398 99.540
1684.099243 99.574
1696.302856 99.608
1708.594971 99.643
1720.976196 99.678
1733.447144 99.715
1746.008423 99.753
1758.660645 99.791
1771.404663 99.830
1784.240967 99.870
1797.170288 99.911
1810.193359 99.954
1823.310791 99.998
1836.523193 100.044
1849.831421 100.091
1863.236084 100.140
1876.737793 100.191
1890.337524 100.242
1904.035645 100.296
1917.833008 100.351
1931.730469 100.408
1945.728638 100.467
1959.828125 100.528
1974.029907 100.590
1988.334473 100.654
2002.742798 100.719
2017.255493 100.786
2031.873291 100.854
2046.597168 100.924
2061.427734 100.996
2076.365479 101.069
2091.411865 101.143
2106.566895 101.220
2121.832031 101.299
2137.207764 101.380
2152.694824 101.464
2168.294189 101.553
2184.006592 101.648
2199.832764 101.749
2215.773682 101.859
2231.830078 101.977
2248.002686 102.104
2264.292725 102.238
2280.700684 102.376
2297.227539 102.516
2313.874268 102.653
2330.641602 102.786
2347.530273 102.915
2364.541504 103.038
2381.676025 103.158
2398.934570 103.274
2416.318359 103.388
2433.827881 103.500
2451.464355 103.610
2469.228760 103.719
2487.121826 103.825
2505.144531 103.930
2523.297852 104.032
2541.582764 104.130
2560.000000 104.225
2578.550781 104.316
2597.236084 104.401
2616.056641 104.481
2635.013672 104.553
2654.108154 104.617
2673.340820 104.673
2692.713135 104.718
2712.225586 104.753
2731.879395 104.777
2751.675781 104.791
2771.615479 104.795
2791.699707 104.789
2811.929688 104.776
2832.305908 104.755
2852.830078 104.728
2873.502930 104.696
2894.325439 104.659
2915.298828 104.617
2936.424316 104.571
2957.702881 104.520
2979.135742 104.465
3000.723633 104.404
3022.468262 104.338
3044.370117 104.267
3066.430908 104.190
3088.651611 104.108
3111.033203 104.021
3133.577148 103.927
3156.284180 103.829
3179.156006 103.724
3202.193359 103.615
3225.397949 103.501
3248.770508 103.383
3272.312500 103.261
3296.024902 103.136
3319.909180 103.010
3343.966797 102.883
3368.198486 102.755
3392.605713 102.629
3417.189941 102.507
3441.952393 102.390
3466.894287 102.280
3492.016846 102.177
3517.321289 102.078
3542.809326 101.983
3568.481934 101.890
3594.340576 101.797
3620.386719 101.700
3646.621582 101.599
3673.046387 101.492
3699.662842 101.380
3726.472168 101.265
3753.475586 101.146
3780.675049 101.026
3808.071289 100.905
3835.666016 100.785
3863.460938 100.667
3891.457275 100.550
3919.656250 100.435
3948.059814 100.324
3976.668945 100.220
4005.485596 100.125
4034.510986 100.039
4063.746582 99.963
4093.194336 99.896
4122.855469 99.840
4152.730957 99.793
4182.823730 99.754
4213.133789 99.722
4243.664062 99.694
4274.415527 99.669
4305.389648 99.646
4336.588379 99.625
4368.013184 99.605
4399.665527 99.586
4431.547363 99.568
4463.660156 99.552
4496.005371 99.540
4528.585449 99.530
4561.401367 99.523
4594.455078 99.519
4627.748535 99.517
4661.283203 99.517
4695.060547 99.519
4729.083008 99.524
4763.352051 99.532
4797.869141 99.543
4832.636719 99.558
4867.655762 99.578
4902.928711 99.602
4938.457520 99.633
4974.243652 99.671
5010.289062 99.718
5046.595703 99.775
5083.165527 99.843
5120.000000 99.920
5157.101562 100.008
5194.472168 100.104
5232.113281 100.208
5270.027344 100.318
5308.216309 100.435
5346.681641 100.558
5385.426270 100.687
5424.451172 100.825
5463.758789 100.971
5503.351562 101.129
5543.230957 101.300
5583.399414 101.484
5623.859375 101.681
5664.611816 101.891
5705.660156 102.108
5747.005859 102.320
5788.650879 102.506
5830.597656 102.639
5872.848633 102.690
5915.405762 102.638
5958.271484 102.473
6001.447266 102.197
6044.936523 101.818
6088.740234 101.354
6132.861816 100.829
6177.303223 100.272
6222.066406 99.712
6267.154297 99.171
6312.568359 98.665
6358.312012 98.198
6404.386719 97.770
6450.795898 97.377
6497.541016 97.018
6544.625000 96.692
6592.049805 96.400
6639.818359 96.139
6687.933594 95.907
6736.396973 95.701
6785.211426 95.520
6834.379883 95.364
6883.904785 95.232
6933.788574 95.125
6984.033691 95.041
7034.642578 94.982
7085.618652 94.949
7136.963867 94.942
7188.681152 94.962
7240.773438 95.011
7293.243164 95.088
7346.092773 95.195
7399.325684 95.334
7452.944336 95.513
7506.951172 95.739
7561.350098 96.015
7616.142578 96.341
7671.332031 96.716
7726.921875 97.146
7782.914551 97.633
7839.312500 98.174
7896.119629 98.757
7953.337891 99.369
8010.971191 99.998
8069.021973 100.633
8127.493164 101.266
8186.388672 101.880
8245.710938 102.442
8305.461914 102.914
8365.647461 103.254
8426.267578 103.432
8487.328125 103.436
8548.831055 103.292
8610.779297 103.036
8673.176758 102.679
8736.026367 102.206
8799.331055 101.595
8863.094727 100.843
8927.320312 99.980
8992.010742 99.049
9057.170898 98.100
9122.802734 97.187
9188.910156 96.370
9255.497070 95.697
9322.566406 95.178
9390.121094 94.785
9458.166016 94.460
9526.704102 94.147
9595.738281 93.816
9665.273438 93.480
9735.311523 93.197
9805.857422 93.001
9876.915039 92.871
9948.487305 92.774
10020.578125 92.692
10093.191406 92.622
10166.331055 92.570
10240.000000 92.545
10314.203125 92.560
10388.944336 92.627
10464.226562 92.754
10540.054688 92.948
10616.432617 93.206
10693.363281 93.520
10770.852539 93.875
10848.902344 94.255
10927.517578 94.643
11006.703125 95.028
11086.461914 95.399
11166.798828 95.747
11247.718750 96.066
11329.223633 96.348
11411.320312 96.582
11494.011719 96.747
11577.301758 96.816
11661.195312 96.766
11745.697266 96.586
11830.811523 96.281
11916.542969 95.863
12002.894531 95.354
12089.873047 94.774
12177.480469 94.145
12265.723633 93.483
12354.606445 92.802
12444.132812 92.111
12534.308594 91.418
12625.136719 90.726
12716.624023 90.039
12808.773438 89.360
12901.591797 88.693
12995.082031 88.039
13089.250000 87.401
13184.099609 86.781
13279.636719 86.186
13375.867188 85.627
13472.793945 85.125
13570.422852 84.702
13668.759766 84.380
13767.809570 84.179
13867.577148 84.118
13968.067383 84.220
14069.285156 84.491
14171.237305 84.901
14273.927734 85.397
14377.362305 85.928
14481.546875 86.454
14586.486328 86.950
14692.185547 87.406
14798.651367 87.814
14905.888672 88.157
15013.902344 88.416
15122.700195 88.574
15232.285156 88.628
15342.664062 88.583
15453.843750 88.457
15565.829102 88.277
15678.625000 88.070
15792.239258 87.862
15906.675781 87.680
16021.942383 87.547
16138.043945 87.478
16254.986328 87.489
16372.777344 87.616
16491.421875 87.907
16610.923828 88.393
16731.294922 89.077
16852.535156 89.937
16974.656250 90.932
17097.662109 91.993
17221.558594 93.028
17346.353516 93.924
17472.052734 94.568
17598.662109 94.874
17726.189453 94.808
17854.640625 94.406
17984.021484 93.760
18114.341797 92.992
18245.605469 92.220
18377.820312 91.538
18510.994141 90.999
18645.132812 90.599
18780.242188 90.258
18916.332031 89.858
19053.408203 89.325
19191.476562 88.691
19330.546875 88.036
19470.623047 87.377
19611.714844 86.677
19753.830078 85.941
19896.974609 85.286
