20.000000 80.024
20.144928 80.047
20.290907 80.066
20.437943 80.080
20.586044 80.094
20.735220 80.106
20.885475 80.117
21.036821 80.131
21.189262 80.145
21.342808 80.160
21.497467 80.176
21.653246 80.191
21.810154 80.204
21.968201 80.214
22.127390 80.220
22.287735 80.221
22.449242 80.217
22.611917 80.209
22.775772 80.199
22.940815 80.186
23.107054 80.176
23.274498 80.168
23.443153 80.165
23.613033 80.169
23.784142 80.180
23.956491 80.198
24.130091 80.222
24.304947 80.250
24.481071 80.279
24.658470 80.308
24.837156 80.335
25.017136 80.357
25.198421 80.376
25.381020 80.390
25.564941 80.401
25.750195 80.409
25.936790 80.416
26.124741 80.422
26.314051 80.429
26.504732 80.436
26.696796 80.442
26.890253 80.446
27.085112 80.448
27.281382 80.446
27.479073 80.441
27.678198 80.432
27.878765 80.422
28.080786 80.412
28.284271 80.404
28.489231 80.401
28.695675 80.401
28.903616 80.406
29.113064 80.414
29.324028 80.424
29.536524 80.434
29.750557 80.445
29.966141 80.457
30.183289 80.473
30.402010 80.493
30.622314 80.519
30.844217 80.550
31.067726 80.584
31.292856 80.615
31.519617 80.638
31.748020 80.648
31.978081 80.643
32.209808 80.622
32.443211 80.589
32.678310 80.550
32.915108 80.512
33.153625 80.482
33.393871 80.462
33.635857 80.455
33.879597 80.454
34.125103 80.457
34.372387 80.457
34.621464 80.454
34.872345 80.448
35.125042 80.443
35.379574 80.444
35.635948 80.453
35.894180 80.468
36.154285 80.485
36.416275 80.494
36.680161 80.489
36.945961 80.465
37.213688 80.425
37.483353 80.378
37.754974 80.335
38.028561 80.311
38.304131 80.314
38.581699 80.344
38.861279 80.392
39.142883 80.445
39.426529 80.489
39.712231 80.512
40.000000 80.510
40.289856 80.486
40.581814 80.447
40.875885 80.403
41.172089 80.365
41.470440 80.339
41.770950 80.329
42.073643 80.331
42.378525 80.341
42.685616 80.352
42.994934 80.361
43.306492 80.367
43.620308 80.372
43.936401 80.378
44.254780 80.386
44.575470 80.395
44.898483 80.398
45.223835 80.390
45.551544 80.367
45.881630 80.335
46.214108 80.306
46.548996 80.291
46.886307 80.298
47.226067 80.321
47.568283 80.349
47.912983 80.367
48.260181 80.372
48.609894 80.367
48.962143 80.364
49.316940 80.371
49.674313 80.387
50.034271 80.404
50.396843 80.414
50.762039 80.417
51.129883 80.416
51.500389 80.419
51.873581 80.423
52.249481 80.423
52.628101 80.411
53.009464 80.390
53.393593 80.365
53.780506 80.339
54.170223 80.308
54.562763 80.265
54.958145 80.210
55.356396 80.158
55.757530 80.125
56.161572 80.118
56.568542 80.121
56.978462 80.109
57.391350 80.073
57.807232 80.027
58.226128 79.997
58.648056 79.999
59.073048 80.022
59.501114 80.048
59.932281 80.065
60.366577 80.078
60.804020 80.096
61.244629 80.118
61.688435 80.129
62.135452 80.120
62.585712 80.090
63.039234 80.051
63.496040 80.014
63.956161 79.982
64.419617 79.956
64.886421 79.935
65.356621 79.921
65.830215 79.910
66.307251 79.901
66.787743 79.893
67.271713 79.890
67.759193 79.891
68.250206 79.889
68.744774 79.880
69.242928 79.872
69.744690 79.876
70.250084 79.893
70.759148 79.904
71.271896 79.889
71.788361 79.852
72.308571 79.817
72.832550 79.795
73.360321 79.770
73.891922 79.722
74.427376 79.659
74.966705 79.613
75.509949 79.602
76.057121 79.608
76.608261 79.604
77.163399 79.586
77.722557 79.567
78.285767 79.560
78.853058 79.566
79.424461 79.578
80.000000 79.587
80.579712 79.585
81.163628 79.570
81.751770 79.543
82.344177 79.500
82.940880 79.444
83.541901 79.392
84.147285 79.366
84.757050 79.363
85.371231 79.360
85.989868 79.347
86.612984 79.338
87.240616 79.339
87.872803 79.336
88.509560 79.311
89.150940 79.277
89.796967 79.246
90.447670 79.214
91.103088 79.176
91.763260 79.150
92.428215 79.146
93.097992 79.141
93.772614 79.113
94.452133 79.070
95.136566 79.033
95.825966 79.006
96.520363 78.982
97.219788 78.956
97.924286 78.926
98.633881 78.898
99.348625 78.884
100.068542 78.876
100.793686 78.848
101.524078 78.800
102.259766 78.765
103.000778 78.748
103.747162 78.720
104.498962 78.670
105.256203 78.611
106.018929 78.558
106.787186 78.520
107.561012 78.505
108.340446 78.515
109.125526 78.531
109.916290 78.512
110.712791 78.453
111.515060 78.406
112.323143 78.390
113.137085 78.371
113.956924 78.332
114.782700 78.280
115.614464 78.223
116.452255 78.175
117.296112 78.131
118.146095 78.082
119.002228 78.045
119.864563 78.022
120.733154 77.995
121.608040 77.968
122.489258 77.934
123.376869 77.885
124.270905 77.840
125.171425 77.814
126.078468 77.778
126.992081 77.723
127.912323 77.666
128.839233 77.617
129.772842 77.553
130.713242 77.460
131.660431 77.385
132.614502 77.373
133.575485 77.396
134.543427 77.411
135.518387 77.410
136.500412 77.408
137.489548 77.392
138.485855 77.354
139.489380 77.318
140.500168 77.287
141.518295 77.235
142.543793 77.191
143.576721 77.185
144.617142 77.199
145.665100 77.221
146.720642 77.256
147.783844 77.289
148.854752 77.324
149.933411 77.384
151.019897 77.437
152.114243 77.450
153.216522 77.444
154.326797 77.438
155.445114 77.443
156.571533 77.471
157.706116 77.496
158.848923 77.520
160.000000 77.553
161.159424 77.595
162.327255 77.651
163.503540 77.661
164.688354 77.581
165.881760 77.443
167.083801 77.328
168.294571 77.303
169.514099 77.317
170.742462 77.310
171.979736 77.277
173.225967 77.249
174.481232 77.239
175.745605 77.217
177.019119 77.158
178.301880 77.074
179.593933 77.022
180.895340 77.011
182.206177 77.000
183.526520 76.976
184.856430 76.966
186.195984 76.955
187.545227 76.928
188.904266 76.886
190.273132 76.820
191.651932 76.749
193.040726 76.710
194.439575 76.704
195.848572 76.684
197.267761 76.634
198.697250 76.588
200.137085 76.575
201.587372 76.558
203.048157 76.512
204.519531 76.461
206.001556 76.414
207.494324 76.346
208.997925 76.267
210.512405 76.199
212.037857 76.152
213.574371 76.147
215.122025 76.174
216.680893 76.189
218.251053 76.167
219.832581 76.125
221.425583 76.086
223.030121 76.049
224.646286 76.012
226.274170 75.992
227.913849 75.980
229.565399 75.942
231.228928 75.870
232.904510 75.794
234.592224 75.740
236.292191 75.698
238.004456 75.655
239.729126 75.604
241.466309 75.549
243.216080 75.507
244.978516 75.495
246.753738 75.488
248.541809 75.458
250.342850 75.422
252.156937 75.404
253.984161 75.391
255.824646 75.358
257.678467 75.308
259.545685 75.277
261.426483 75.267
263.320862 75.236
265.229004 75.138
267.150970 75.010
269.086853 74.942
271.036774 74.948
273.000824 74.976
274.979095 74.976
276.971710 74.931
278.978760 74.874
281.000336 74.852
283.036591 74.858
285.087585 74.860
287.153442 74.830
289.234283 74.768
291.330200 74.702
293.441284 74.660
295.567688 74.644
297.709503 74.614
299.866821 74.584
302.039795 74.564
304.228485 74.553
306.433044 74.556
308.653595 74.558
310.890228 74.549
313.143066 74.516
315.412231 74.452
317.697845 74.377
320.000000 74.322
322.318848 74.301
324.654510 74.293
327.007080 74.262
329.376709 74.204
331.763519 74.164
334.167603 74.162
336.589142 74.164
339.028198 74.139
341.484924 74.086
343.959473 74.024
346.451935 73.978
348.962463 73.953
351.491211 73.948
354.038239 73.950
356.603760 73.932
359.187866 73.887
361.790680 73.837
364.412354 73.796
367.053040 73.770
369.712860 73.755
372.391968 73.741
375.090454 73.716
377.808533 73.677
380.546265 73.634
383.303864 73.608
386.081451 73.591
388.879150 73.555
391.697144 73.505
394.535522 73.472
397.394501 73.471
400.274170 73.473
403.174744 73.439
406.096313 73.393
409.039062 73.368
412.003113 73.350
414.988647 73.312
417.995850 73.257
421.024811 73.221
424.075714 73.217
427.148743 73.211
430.244049 73.185
433.361786 73.148
436.502106 73.114
439.665161 73.087
442.851166 73.062
446.060242 73.037
449.292572 73.002
452.548340 72.947
455.827698 72.889
459.130798 72.858
462.457855 72.870
465.809021 72.888
469.184448 72.889
472.584381 72.885
476.008911 72.875
479.458252 72.850
482.932617 72.819
486.432159 72.787
489.957031 72.759
493.507477 72.738
497.083618 72.728
500.685699 72.711
504.313873 72.672
507.968323 72.630
511.649292 72.604
515.356934 72.587
519.091370 72.572
522.852966 72.562
526.641724 72.556
530.458008 72.547
534.301941 72.534
538.173706 72.523
542.073547 72.518
546.001648 72.498
549.958191 72.468
553.943420 72.436
557.957520 72.399
562.000671 72.375
566.073181 72.371
570.175171 72.358
574.306885 72.332
578.468567 72.310
582.660400 72.291
586.882568 72.275
591.135376 72.266
595.419006 72.245
599.733643 72.218
604.079590 72.196
608.456970 72.180
612.866089 72.180
617.307190 72.194
621.780457 72.191
626.286133 72.160
630.824463 72.126
635.395691 72.118
640.000000 72.121
644.637695 72.115
649.309021 72.097
654.014160 72.081
658.753418 72.079
663.527039 72.059
668.335205 72.027
673.178284 72.012
678.056396 72.004
682.969849 71.998
687.918945 71.994
692.903870 71.991
697.924927 71.989
702.982422 71.987
708.076477 71.974
713.207520 71.950
718.375732 71.932
723.581360 71.926
728.824707 71.919
734.106079 71.915
739.425720 71.921
744.783936 71.928
750.180908 71.935
755.617065 71.940
761.092529 71.939
766.607727 71.931
772.162903 71.921
777.758301 71.918
783.394287 71.923
789.071045 71.927
794.789001 71.924
800.548340 71.916
806.349487 71.907
812.192627 71.912
818.078125 71.932
824.006226 71.952
829.977295 71.967
835.991699 71.981
842.049622 71.995
848.151428 72.008
854.297485 72.015
860.488098 72.027
866.723572 72.045
873.004211 72.064
879.330322 72.083
885.702332 72.104
892.120483 72.123
898.585144 72.146
905.096680 72.177
911.655396 72.209
918.261597 72.239
924.915710 72.269
931.618042 72.298
938.368896 72.327
945.168762 72.362
952.017822 72.405
958.916504 72.451
965.865234 72.493
972.864319 72.535
979.914062 72.577
987.014954 72.623
994.167236 72.669
1001.371399 72.718
1008.627747 72.770
1015.936646 72.822
1023.298584 72.879
1030.713867 72.941
1038.182739 73.004
1045.705933 73.065
1053.283447 73.124
1060.916016 73.187
1068.603882 73.252
1076.347412 73.317
1084.147095 73.384
1092.003296 73.455
1099.916382 73.526
1107.886841 73.598
1115.915039 73.671
1124.001343 73.744
1132.146362 73.818
1140.350342 73.892
1148.613770 73.966
1156.937134 74.044
1165.320801 74.121
1173.765137 74.195
1182.270752 74.269
1190.838013 74.344
1199.467285 74.416
1208.159180 74.484
1216.913940 74.553
1225.732178 74.623
1234.614380 74.694
1243.560913 74.765
1252.572266 74.838
1261.648926 74.908
1270.791382 74.974
1280.000000 75.043
1289.275391 75.115
1298.618042 75.184
1308.028320 75.249
1317.506836 75.308
1327.054077 75.362
1336.670410 75.419
1346.356567 75.481
1356.112793 75.542
1365.939697 75.599
1375.837891 75.656
1385.807739 75.714
1395.849854 75.772
1405.964844 75.831
1416.152954 75.890
1426.415039 75.948
1436.751465 76.003
1447.162720 76.056
1457.649414 76.108
1468.212158 76.160
1478.851440 76.215
1489.567871 76.272
1500.361816 76.329
1511.234131 76.385
1522.185059 76.439
1533.215454 76.492
1544.325806 76.546
1555.516602 76.599
1566.788574 76.650
1578.142090 76.703
1589.578003 76.757
1601.096680 76.811
1612.698975 76.864
1624.385254 76.917
1636.156250 76.970
1648.012451 77.023
1659.954590 77.077
1671.983398 77.133
1684.099243 77.187
1696.302856 77.242
1708.594971 77.296
1720.976196 77.351
1733.447144 77.406
1746.008423 77.460
1758.660645 77.514
1771.404663 77.568
1784.240967 77.623
1797.170288 77.679
1810.193359 77.734
1823.310791 77.789
1836.523193 77.843
1849.831421 77.897
1863.236084 77.950
1876.737793 78.003
1890.337524 78.056
1904.035645 78.108
1917.833008 78.160
1931.730469 78.212
1945.728638 78.263
1959.828125 78.315
1974.029907 78.367
1988.334473 78.417
2002.742798 78.466
2017.255493 78.515
2031.873291 78.565
2046.597168 78.614
2061.427734 78.664
2076.365479 78.714
2091.411865 78.764
2106.566895 78.814
2121.832031 78.864
2137.207764 78.912
2152.694824 78.960
2168.294189 79.007
2184.006592 79.052
2199.832764 79.096
2215.773682 79.137
2231.830078 79.176
2248.002686 79.211
2264.292725 79.243
2280.700684 79.271
2297.227539 79.295
2313.874268 79.315
2330.641602 79.331
2347.530273 79.344
2364.541504 79.354
2381.676025 79.361
2398.934570 79.367
2416.318359 79.371
2433.827881 79.373
2451.464355 79.375
2469.228760 79.378
2487.121826 79.383
2505.144531 79.393
2523.297852 79.409
2541.582764 79.431
2560.000000 79.462
2578.550781 79.498
2597.236084 79.537
2616.056641 79.577
2635.013672 79.615
2654.108154 79.649
2673.340820 79.679
2692.713135 79.703
2712.225586 79.722
2731.879395 79.735
2751.675781 79.742
2771.615479 79.745
2791.699707 79.744
2811.929688 79.739
2832.305908 79.731
2852.830078 79.722
2873.502930 79.712
2894.325439 79.700
2915.298828 79.687
2936.424316 79.673
2957.702881 79.657
2979.135742 79.639
3000.723633 79.620
3022.468262 79.598
3044.370117 79.575
3066.430908 79.550
3088.651611 79.524
3111.033203 79.497
3133.577148 79.470
3156.284180 79.442
3179.156006 79.414
3202.193359 79.384
3225.397949 79.354
3248.770508 79.324
3272.312500 79.297
3296.024902 79.271
3319.909180 79.249
3343.966797 79.230
3368.198486 79.214
3392.605713 79.200
3417.189941 79.187
3441.952393 79.175
3466.894287 79.163
3492.016846 79.151
3517.321289 79.140
3542.809326 79.128
3568.481934 79.115
3594.340576 79.102
3620.386719 79.086
3646.621582 79.066
3673.046387 79.043
3699.662842 79.014
3726.472168 78.982
3753.475586 78.946
3780.675049 78.909
3808.071289 78.871
3835.666016 78.835
3863.460938 78.802
3891.457275 78.774
3919.656250 78.752
3948.059814 78.736
3976.668945 78.723
4005.485596 78.714
4034.510986 78.706
4063.746582 78.699
4093.194336 78.693
4122.855469 78.688
4152.730957 78.682
4182.823730 78.675
4213.133789 78.666
4243.664062 78.656
4274.415527 78.644
4305.389648 78.630
4336.588379 78.614
4368.013184 78.595
4399.665527 78.573
4431.547363 78.549
4463.660156 78.521
4496.005371 78.491
4528.585449 78.456
4561.401367 78.417
4594.455078 78.371
4627.748535 78.318
4661.283203 78.259
4695.060547 78.194
4729.083008 78.122
4763.352051 78.042
4797.869141 77.954
4832.636719 77.860
4867.655762 77.757
4902.928711 77.646
4938.457520 77.528
4974.243652 77.405
5010.289062 77.276
5046.595703 77.142
5083.165527 77.003
5120.000000 76.861
5157.101562 76.715
5194.472168 76.565
5232.113281 76.411
5270.027344 76.252
5308.216309 76.090
5346.681641 75.924
5385.426270 75.757
5424.451172 75.586
5463.758789 75.414
5503.351562 75.242
5543.230957 75.068
5583.399414 74.894
5623.859375 74.720
5664.611816 74.545
5705.660156 74.370
5747.005859 74.194
5788.650879 74.020
5830.597656 73.845
5872.848633 73.670
5915.405762 73.497
5958.271484 73.325
6001.447266 73.156
6044.936523 72.988
6088.740234 72.823
6132.861816 72.659
6177.303223 72.498
6222.066406 72.342
6267.154297 72.190
6312.568359 72.041
6358.312012 71.896
6404.386719 71.755
6450.795898 71.619
6497.541016 71.489
6544.625000 71.363
6592.049805 71.244
6639.818359 71.132
6687.933594 71.029
6736.396973 70.933
6785.211426 70.846
6834.379883 70.768
6883.904785 70.699
6933.788574 70.640
6984.033691 70.590
7034.642578 70.549
7085.618652 70.521
7136.963867 70.505
7188.681152 70.501
7240.773438 70.510
7293.243164 70.531
7346.092773 70.565
7399.325684 70.612
7452.944336 70.672
7506.951172 70.746
7561.350098 70.833
7616.142578 70.936
7671.332031 71.053
7726.921875 71.187
7782.914551 71.339
7839.312500 71.509
7896.119629 71.700
7953.337891 71.910
8010.971191 72.142
8069.021973 72.397
8127.493164 72.677
8186.388672 72.983
8245.710938 73.319
8305.461914 73.686
8365.647461 74.085
8426.267578 74.515
8487.328125 74.976
8548.831055 75.463
8610.779297 75.973
8673.176758 76.495
8736.026367 77.013
8799.331055 77.508
8863.094727 77.948
8927.320312 78.303
8992.010742 78.538
9057.170898 78.625
9122.802734 78.548
9188.910156 78.306
9255.497070 77.914
9322.566406 77.401
9390.121094 76.801
9458.166016 76.148
9526.704102 75.471
9595.738281 74.794
9665.273438 74.132
9735.311523 73.498
9805.857422 72.896
9876.915039 72.330
9948.487305 71.799
10020.578125 71.303
10093.191406 70.843
10166.331055 70.415
10240.000000 70.021
10314.203125 69.657
10388.944336 69.324
10464.226562 69.024
10540.054688 68.755
10616.432617 68.520
10693.363281 68.321
10770.852539 68.162
10848.902344 68.049
10927.517578 67.992
11006.703125 68.004
11086.461914 68.102
11166.798828 68.299
11247.718750 68.604
11329.223633 69.017
11411.320312 69.528
11494.011719 70.119
11577.301758 70.771
11661.195312 71.472
11745.697266 72.218
11830.811523 73.012
11916.542969 73.857
12002.894531 74.752
12089.873047 75.678
12177.480469 76.583
12265.723633 77.377
12354.606445 77.940
12444.132812 78.152
12534.308594 77.943
12625.136719 77.316
12716.624023 76.354
12808.773438 75.180
12901.591797 73.916
12995.082031 72.655
13089.250000 71.450
13184.099609 70.326
13279.636719 69.289
13375.867188 68.333
13472.793945 67.454
13570.422852 66.645
13668.759766 65.897
13767.809570 65.203
13867.577148 64.559
13968.067383 63.959
14069.285156 63.398
14171.237305 62.870
14273.927734 62.369
14377.362305 61.892
14481.546875 61.435
14586.486328 60.994
14692.185547 60.568
14798.651367 60.153
14905.888672 59.747
15013.902344 59.347
15122.700195 58.952
15232.285156 58.561
15342.664062 58.176
15453.843750 57.800
15565.829102 57.434
15678.625000 57.078
15792.239258 56.743
15906.675781 56.436
16021.942383 56.163
16138.043945 55.924
16254.986328 55.725
16372.777344 55.566
16491.421875 55.445
16610.923828 55.361
16731.294922 55.317
16852.535156 55.319
16974.656250 55.373
17097.662109 55.483
17221.558594 55.658
17346.353516 55.904
17472.052734 56.227
17598.662109 56.629
17726.189453 57.108
17854.640625 57.655
17984.021484 58.247
18114.341797 58.845
18245.605469 59.388
18377.820312 59.793
18510.994141 59.976
18645.132812 59.879
18780.242188 59.490
18916.332031 58.805
19053.408203 57.727
19191.476562 56.034
19330.546875 53.679
19470.623047 51.221
19611.714844 49.384
19753.830078 48.179
19896.974609 47.322
