20.000000 65.420
20.144928 65.471
20.290907 65.512
20.437943 65.544
20.586044 65.576
20.735220 65.608
20.885475 65.650
21.036821 65.704
21.189262 65.771
21.342808 65.856
21.497467 65.955
21.653246 66.063
21.810154 66.179
21.968201 66.288
22.127390 66.392
22.287735 66.477
22.449242 66.542
22.611917 66.586
22.775772 66.606
22.940815 66.613
23.107054 66.606
23.274498 66.606
23.443153 66.616
23.613033 66.655
23.784142 66.727
23.956491 66.835
24.130091 66.981
24.304947 67.150
24.481071 67.339
24.658470 67.524
24.837156 67.706
25.017136 67.869
25.198421 68.014
25.381020 68.142
25.564941 68.257
25.750195 68.369
25.936790 68.483
26.124741 68.605
26.314051 68.734
26.504732 68.869
26.696796 68.996
26.890253 69.109
27.085112 69.193
27.281382 69.244
27.479073 69.257
27.678198 69.242
27.878765 69.204
28.080786 69.169
28.284271 69.151
28.489231 69.171
28.695675 69.237
28.903616 69.350
29.113064 69.497
29.324028 69.658
29.536524 69.817
29.750557 69.953
29.966141 70.062
30.183289 70.137
30.402010 70.188
30.622314 70.220
30.844217 70.247
31.067726 70.277
31.292856 70.316
31.519617 70.364
31.748020 70.416
31.978081 70.470
32.209808 70.518
32.443211 70.559
32.678310 70.596
32.915108 70.633
33.153625 70.678
33.393871 70.737
33.635857 70.817
33.879597 70.920
34.125103 71.045
34.372387 71.187
34.621464 71.338
34.872345 71.485
35.125042 71.613
35.379574 71.713
35.635948 71.773
35.894180 71.790
36.154285 71.775
36.416275 71.746
36.680161 71.725
36.945961 71.742
37.213688 71.812
37.483353 71.928
37.754974 72.066
38.028561 72.195
38.304131 72.279
38.581699 72.303
38.861279 72.274
39.142883 72.224
39.426529 72.194
39.712231 72.230
40.000000 72.353
40.289856 72.542
40.581814 72.747
40.875885 72.920
41.172089 73.030
41.470440 73.075
41.770950 73.080
42.073643 73.088
42.378525 73.134
42.685616 73.217
42.994934 73.294
43.306492 73.306
43.620308 73.216
43.936401 73.033
44.254780 72.825
44.575470 72.702
44.898483 72.748
45.223835 72.952
45.551544 73.211
45.881630 73.404
46.214108 73.469
46.548996 73.437
46.886307 73.408
47.226067 73.490
47.568283 73.702
47.912983 73.949
48.260181 74.098
48.609894 74.063
48.962143 73.863
49.316940 73.620
49.674313 73.506
50.034271 73.609
50.396843 73.848
50.762039 74.058
51.129883 74.121
51.500389 74.042
51.873581 73.939
52.249481 73.978
52.628101 74.229
53.009464 74.582
53.393593 74.829
53.780506 74.807
54.170223 74.474
54.562763 73.965
54.958145 73.626
55.356396 73.799
55.757530 74.381
56.161572 74.926
56.568542 75.099
56.978462 74.833
57.391350 74.352
57.807232 74.137
58.226128 74.466
58.648056 75.053
59.073048 75.449
59.501114 75.489
59.932281 75.318
60.366577 75.203
60.804020 75.267
61.244629 75.345
61.688435 75.228
62.135452 74.891
62.585712 74.524
63.039234 74.363
63.496040 74.472
63.956161 74.743
64.419617 75.069
64.886421 75.360
65.356621 75.517
65.830215 75.465
66.307251 75.238
66.787743 74.991
67.271713 74.914
67.759193 75.066
68.250206 75.368
68.744774 75.708
69.242928 75.988
69.744690 76.113
70.250084 76.043
70.759148 75.832
71.271896 75.600
71.788361 75.465
72.308571 75.494
72.832550 75.697
73.360321 75.962
73.891922 76.089
74.427376 75.964
74.966705 75.721
75.509949 75.693
76.057121 75.970
76.608261 76.285
77.163399 76.387
77.722557 76.293
78.285767 76.159
78.853058 76.039
79.424461 75.915
80.000000 75.844
80.579712 75.860
81.163628 75.813
81.751770 75.592
82.344177 75.408
82.940880 75.474
83.541901 75.556
84.147285 75.422
84.757050 75.402
85.371231 75.879
85.989868 76.448
86.612984 76.673
87.240616 76.682
87.872803 76.738
88.509560 76.737
89.150940 76.588
89.796967 76.597
90.447670 76.863
91.103088 77.053
91.763260 77.063
92.428215 77.080
93.097992 77.130
93.772614 77.123
94.452133 77.101
95.136566 77.105
95.825966 77.116
96.520363 77.163
97.219788 77.218
97.924286 77.212
98.633881 77.204
99.348625 77.255
100.068542 77.284
100.793686 77.261
101.524078 77.262
102.259766 77.277
103.000778 77.253
103.747162 77.229
104.498962 77.236
105.256203 77.242
106.018929 77.264
106.787186 77.313
107.561012 77.320
108.340446 77.282
109.125526 77.272
109.916290 77.311
110.712791 77.346
111.515060 77.309
112.323143 77.262
113.137085 77.287
113.956924 77.291
114.782700 77.280
115.614464 77.296
116.452255 77.268
117.296112 77.314
118.146095 77.412
119.002228 77.377
119.864563 77.373
120.733154 77.486
121.608040 77.573
122.489258 77.608
123.376869 77.606
124.270905 77.706
125.171425 77.852
126.078468 77.832
126.992081 77.832
127.912323 77.884
128.839233 77.861
129.772842 77.919
130.713242 77.932
131.660431 77.903
132.614502 77.980
133.575485 77.963
134.543427 77.945
135.518387 78.003
136.500412 78.005
137.489548 78.001
138.485855 78.037
139.489380 78.035
140.500168 77.988
141.518295 78.047
142.543793 78.063
143.576721 78.175
144.617142 78.179
145.665100 78.033
146.720642 78.081
147.783844 78.048
148.854752 78.066
149.933411 78.026
151.019897 78.051
152.114243 78.060
153.216522 78.075
154.326797 78.076
155.445114 78.047
156.571533 78.052
157.706116 78.025
158.848923 78.052
160.000000 78.044
161.159424 78.040
162.327255 78.090
163.503540 78.096
164.688354 78.072
165.881760 78.116
167.083801 78.096
168.294571 78.104
169.514099 78.117
170.742462 78.081
171.979736 78.117
173.225967 78.107
174.481232 78.111
175.745605 78.086
177.019119 78.100
178.301880 78.089
179.593933 78.094
180.895340 78.017
182.206177 77.962
183.526520 77.926
184.856430 77.870
186.195984 77.842
187.545227 77.804
188.904266 77.782
190.273132 77.742
191.651932 77.699
193.040726 77.656
194.439575 77.702
195.848572 77.683
197.267761 77.743
198.697250 77.816
200.137085 77.904
201.587372 78.091
203.048157 78.240
204.519531 78.382
206.001556 78.594
207.494324 78.654
208.997925 78.733
210.512405 78.752
212.037857 78.807
213.574371 78.839
215.122025 78.886
216.680893 78.906
218.251053 78.841
219.832581 78.876
221.425583 78.838
223.030121 78.909
224.646286 78.845
226.274170 78.838
227.913849 78.813
229.565399 78.822
231.228928 78.833
232.904510 78.795
234.592224 78.783
236.292191 78.780
238.004456 78.761
239.729126 78.766
241.466309 78.736
243.216080 78.768
244.978516 78.745
246.753738 78.763
248.541809 78.719
250.342850 78.746
252.156937 78.747
253.984161 78.743
255.824646 78.766
257.678467 78.725
259.545685 78.724
261.426483 78.691
263.320862 78.758
265.229004 78.723
267.150970 78.701
269.086853 78.657
271.036774 78.725
273.000824 78.715
274.979095 78.733
276.971710 78.733
278.978760 78.707
281.000336 78.673
283.036591 78.692
285.087585 78.737
287.153442 78.676
289.234283 78.686
291.330200 78.684
293.441284 78.710
295.567688 78.687
297.709503 78.702
299.866821 78.661
302.039795 78.706
304.228485 78.676
306.433044 78.656
308.653595 78.668
310.890228 78.713
313.143066 78.686
315.412231 78.669
317.697845 78.697
320.000000 78.686
322.318848 78.704
324.654510 78.661
327.007080 78.681
329.376709 78.678
331.763519 78.688
334.167603 78.661
336.589142 78.693
339.028198 78.635
341.484924 78.668
343.959473 78.660
346.451935 78.654
348.962463 78.622
351.491211 78.625
354.038239 78.643
356.603760 78.683
359.187866 78.641
361.790680 78.638
364.412354 78.688
367.053040 78.623
369.712860 78.622
372.391968 78.619
375.090454 78.599
377.808533 78.660
380.546265 78.623
383.303864 78.614
386.081451 78.590
388.879150 78.622
391.697144 78.584
394.535522 78.611
397.394501 78.598
400.274170 78.618
403.174744 78.585
406.096313 78.601
409.039062 78.609
412.003113 78.582
414.988647 78.561
417.995850 78.605
421.024811 78.586
424.075714 78.548
427.148743 78.563
430.244049 78.555
433.361786 78.556
436.502106 78.583
439.665161 78.549
442.851166 78.596
446.060242 78.563
449.292572 78.576
452.548340 78.514
455.827698 78.527
459.130798 78.529
462.457855 78.534
465.809021 78.560
469.184448 78.543
472.584381 78.547
476.008911 78.538
479.458252 78.558
482.932617 78.551
486.432159 78.520
489.957031 78.532
493.507477 78.513
497.083618 78.519
500.685699 78.526
504.313873 78.506
507.968323 78.517
511.649292 78.561
515.356934 78.531
519.091370 78.508
522.852966 78.485
526.641724 78.516
530.458008 78.532
534.301941 78.526
538.173706 78.498
542.073547 78.451
546.001648 78.488
549.958191 78.461
553.943420 78.481
557.957520 78.488
562.000671 78.487
566.073181 78.493
570.175171 78.464
574.306885 78.478
578.468567 78.490
582.660400 78.445
586.882568 78.475
591.135376 78.469
595.419006 78.460
599.733643 78.461
604.079590 78.489
608.456970 78.468
612.866089 78.458
617.307190 78.458
621.780457 78.464
626.286133 78.481
630.824463 78.443
635.395691 78.456
640.000000 78.504
644.637695 78.488
649.309021 78.474
654.014160 78.492
658.753418 78.486
663.527039 78.411
668.335205 78.465
673.178284 78.482
678.056396 78.466
682.969849 78.499
687.918945 78.487
692.903870 78.486
697.924927 78.506
702.982422 78.520
708.076477 78.498
713.207520 78.548
718.375732 78.502
723.581360 78.523
728.824707 78.524
734.106079 78.509
739.425720 78.543
744.783936 78.550
750.180908 78.586
755.617065 78.511
761.092529 78.603
766.607727 78.604
772.162903 78.621
777.758301 78.581
783.394287 78.641
789.071045 78.645
794.789001 78.657
800.548340 78.624
806.349487 78.651
812.192627 78.699
818.078125 78.720
824.006226 78.681
829.977295 78.752
835.991699 78.741
842.049622 78.783
848.151428 78.777
854.297485 78.825
860.488098 78.847
866.723572 78.874
873.004211 78.895
879.330322 78.911
885.702332 78.916
892.120483 78.940
898.585144 78.907
905.096680 78.976
911.655396 79.013
918.261597 79.046
924.915710 79.084
931.618042 79.110
938.368896 79.145
945.168762 79.208
952.017822 79.226
958.916504 79.261
965.865234 79.336
972.864319 79.337
979.914062 79.391
987.014954 79.449
994.167236 79.462
1001.371399 79.509
1008.627747 79.549
1015.936646 79.554
1023.298584 79.584
1030.713867 79.615
1038.182739 79.662
1045.705933 79.712
1053.283447 79.715
1060.916016 79.789
1068.603882 79.806
1076.347412 79.816
1084.147095 79.949
1092.003296 79.951
1099.916382 80.019
1107.886841 80.093
1115.915039 80.112
1124.001343 80.161
1132.146362 80.234
1140.350342 80.298
1148.613770 80.369
1156.937134 80.451
1165.320801 80.432
1173.765137 80.503
1182.270752 80.559
1190.838013 80.576
1199.467285 80.587
1208.159180 80.597
1216.913940 80.654
1225.732178 80.659
1234.614380 80.713
1243.560913 80.766
1252.572266 80.768
1261.648926 80.783
1270.791382 80.846
1280.000000 80.917
1289.275391 80.884
1298.618042 80.927
1308.028320 80.944
1317.506836 80.970
1327.054077 80.986
1336.670410 81.049
1346.356567 81.111
1356.112793 81.092
1365.939697 81.127
1375.837891 81.159
1385.807739 81.195
1395.849854 81.200
1405.964844 81.267
1416.152954 81.255
1426.415039 81.331
1436.751465 81.336
1447.162720 81.386
1457.649414 81.384
1468.212158 81.398
1478.851440 81.420
1489.567871 81.466
1500.361816 81.543
1511.234131 81.546
1522.185059 81.593
1533.215454 81.616
1544.325806 81.605
1555.516602 81.674
1566.788574 81.696
1578.142090 81.725
1589.578003 81.741
1601.096680 81.828
1612.698975 81.857
1624.385254 81.833
1636.156250 81.890
1648.012451 81.917
1659.954590 82.003
1671.983398 82.053
1684.099243 82.110
1696.302856 82.158
1708.594971 82.205
1720.976196 82.293
1733.447144 82.339
1746.008423 82.388
1758.660645 82.428
1771.404663 82.492
1784.240967 82.475
1797.170288 82.590
1810.193359 82.570
1823.310791 82.646
1836.523193 82.696
1849.831421 82.713
1863.236084 82.752
1876.737793 82.821
1890.337524 82.840
1904.035645 82.907
1917.833008 82.967
1931.730469 83.035
1945.728638 83.093
1959.828125 83.130
1974.029907 83.165
1988.334473 83.197
2002.742798 83.263
2017.255493 83.344
2031.873291 83.404
2046.597168 83.406
2061.427734 83.503
2076.365479 83.567
2091.411865 83.628
2106.566895 83.668
2121.832031 83.792
2137.207764 83.817
2152.694824 83.887
2168.294189 83.968
2184.006592 84.085
2199.832764 84.115
2215.773682 84.211
2231.830078 84.294
2248.002686 84.384
2264.292725 84.435
2280.700684 84.522
2297.227539 84.600
2313.874268 84.677
2330.641602 84.761
2347.530273 84.846
2364.541504 84.902
2381.676025 84.985
2398.934570 85.066
2416.318359 85.135
2433.827881 85.217
2451.464355 85.303
2469.228760 85.376
2487.121826 85.494
2505.144531 85.559
2523.297852 85.629
2541.582764 85.734
2560.000000 85.848
2578.550781 85.923
2597.236084 86.080
2616.056641 86.194
2635.013672 86.399
2654.108154 86.548
2673.340820 86.739
2692.713135 86.933
2712.225586 87.094
2731.879395 87.259
2751.675781 87.406
2771.615479 87.556
2791.699707 87.657
2811.929688 87.763
2832.305908 87.874
2852.830078 87.982
2873.502930 88.059
2894.325439 88.168
2915.298828 88.239
2936.424316 88.299
2957.702881 88.391
2979.135742 88.448
3000.723633 88.535
3022.468262 88.578
3044.370117 88.647
3066.430908 88.697
3088.651611 88.729
3111.033203 88.744
3133.577148 88.795
3156.284180 88.778
3179.156006 88.818
3202.193359 88.824
3225.397949 88.809
3248.770508 88.793
3272.312500 88.767
3296.024902 88.746
3319.909180 88.701
3343.966797 88.639
3368.198486 88.592
3392.605713 88.591
3417.189941 88.492
3441.952393 88.439
3466.894287 88.357
3492.016846 88.261
3517.321289 88.183
3542.809326 88.072
3568.481934 87.952
3594.340576 87.858
3620.386719 87.778
3646.621582 87.664
3673.046387 87.567
3699.662842 87.439
3726.472168 87.318
3753.475586 87.200
3780.675049 87.071
3808.071289 86.925
3835.666016 86.763
3863.460938 86.597
3891.457275 86.417
3919.656250 86.270
3948.059814 86.077
3976.668945 85.910
4005.485596 85.775
4034.510986 85.628
4063.746582 85.545
4093.194336 85.402
4122.855469 85.287
4152.730957 85.264
4182.823730 85.163
4213.133789 85.080
4243.664062 85.057
4274.415527 84.965
4305.389648 84.903
4336.588379 84.890
4368.013184 84.846
4399.665527 84.715
4431.547363 84.699
4463.660156 84.668
4496.005371 84.586
4528.585449 84.544
4561.401367 84.496
4594.455078 84.477
4627.748535 84.464
4661.283203 84.437
4695.060547 84.397
4729.083008 84.355
4763.352051 84.355
4797.869141 84.324
4832.636719 84.304
4867.655762 84.333
4902.928711 84.339
4938.457520 84.327
4974.243652 84.292
5010.289062 84.337
5046.595703 84.350
5083.165527 84.384
5120.000000 84.415
5157.101562 84.376
5194.472168 84.373
5232.113281 84.418
5270.027344 84.472
5308.216309 84.526
5346.681641 84.454
5385.426270 84.539
5424.451172 84.508
5463.758789 84.542
5503.351562 84.585
5543.230957 84.636
5583.399414 84.722
5623.859375 84.642
5664.611816 84.688
5705.660156 84.742
5747.005859 84.757
5788.650879 84.761
5830.597656 84.795
5872.848633 84.818
5915.405762 84.800
5958.271484 84.866
6001.447266 84.846
6044.936523 84.924
6088.740234 84.888
6132.861816 84.951
6177.303223 85.025
6222.066406 85.007
6267.154297 85.032
6312.568359 85.072
6358.312012 85.119
6404.386719 85.176
6450.795898 85.173
6497.541016 85.238
6544.625000 85.276
6592.049805 85.327
6639.818359 85.329
6687.933594 85.391
6736.396973 85.433
6785.211426 85.499
6834.379883 85.647
6883.904785 85.690
6933.788574 85.728
6984.033691 85.899
7034.642578 86.003
7085.618652 86.161
7136.963867 86.343
7188.681152 86.560
7240.773438 86.772
7293.243164 87.030
7346.092773 87.240
7399.325684 87.520
7452.944336 87.752
7506.951172 87.989
7561.350098 88.272
7616.142578 88.495
7671.332031 88.679
7726.921875 88.808
7782.914551 88.816
7839.312500 88.794
7896.119629 88.686
7953.337891 88.525
8010.971191 88.206
8069.021973 87.737
8127.493164 87.304
8186.388672 86.735
8245.710938 86.191
8305.461914 85.616
8365.647461 85.082
8426.267578 84.491
8487.328125 83.909
8548.831055 83.343
8610.779297 82.716
8673.176758 82.263
8736.026367 81.753
8799.331055 81.288
8863.094727 80.740
8927.320312 80.370
8992.010742 79.937
9057.170898 79.634
9122.802734 79.202
9188.910156 78.858
9255.497070 78.507
9322.566406 78.231
9390.121094 77.928
9458.166016 77.627
9526.704102 77.352
9595.738281 77.138
9665.273438 76.918
9735.311523 76.760
9805.857422 76.688
9876.915039 76.555
9948.487305 76.348
10020.578125 76.227
10093.191406 76.032
10166.331055 76.059
10240.000000 76.106
10314.203125 76.046
10388.944336 75.974
10464.226562 76.121
10540.054688 76.148
10616.432617 76.162
10693.363281 76.397
10770.852539 76.342
10848.902344 76.453
10927.517578 76.323
11006.703125 76.389
11086.461914 76.316
11166.798828 76.323
11247.718750 76.150
11329.223633 76.088
11411.320312 75.967
11494.011719 75.938
11577.301758 75.829
11661.195312 75.686
11745.697266 75.557
11830.811523 75.455
11916.542969 75.216
12002.894531 75.030
12089.873047 75.074
12177.480469 75.077
12265.723633 75.025
12354.606445 75.038
12444.132812 75.026
12534.308594 74.892
12625.136719 75.082
12716.624023 75.115
12808.773438 75.228
12901.591797 75.394
12995.082031 75.429
13089.250000 75.940
13184.099609 75.965
13279.636719 76.056
13375.867188 76.658
13472.793945 76.647
13570.422852 76.975
13668.759766 77.158
13767.809570 77.323
13867.577148 77.695
13968.067383 78.167
14069.285156 78.310
14171.237305 78.898
14273.927734 79.197
14377.362305 79.400
14481.546875 79.569
14586.486328 79.434
14692.185547 79.597
14798.651367 79.563
14905.888672 79.393
15013.902344 79.389
15122.700195 79.190
15232.285156 78.800
15342.664062 78.454
15453.843750 78.075
15565.829102 77.815
15678.625000 77.411
15792.239258 76.919
15906.675781 76.525
16021.942383 76.135
16138.043945 76.028
16254.986328 75.666
16372.777344 75.565
16491.421875 75.578
16610.923828 75.188
16731.294922 74.918
16852.535156 74.932
16974.656250 74.939
17097.662109 74.505
17221.558594 74.662
17346.353516 74.733
17472.052734 74.679
17598.662109 74.361
17726.189453 73.804
17854.640625 73.328
17984.021484 71.875
18114.341797 70.962
18245.605469 69.778
18377.820312 68.658
18510.994141 66.344
18645.132812 65.448
18780.242188 64.627
18916.332031 61.369
19053.408203 61.348
19191.476562 62.110
19330.546875 61.486
19470.623047 61.457
19611.714844 60.078
19753.830078 60.059
19896.974609 59.946
