20.000000 89.873
20.144928 89.854
20.290907 89.835
20.437943 89.816
20.586044 89.796
20.735220 89.776
20.885475 89.757
21.036821 89.736
21.189262 89.716
21.342808 89.695
21.497467 89.674
21.653246 89.652
21.810154 89.630
21.968201 89.608
22.127390 89.586
22.287735 89.563
22.449242 89.540
22.611917 89.518
22.775772 89.495
22.940815 89.473
23.107054 89.451
23.274498 89.429
23.443153 89.408
23.613033 89.386
23.784142 89.365
23.956491 89.342
24.130091 89.318
24.304947 89.293
24.481071 89.266
24.658470 89.238
24.837156 89.209
25.017136 89.180
25.198421 89.152
25.381020 89.125
25.564941 89.101
25.750195 89.078
25.936790 89.058
26.124741 89.038
26.314051 89.020
26.504732 89.000
26.696796 88.980
26.890253 88.957
27.085112 88.932
27.281382 88.904
27.479073 88.875
27.678198 88.844
27.878765 88.812
28.080786 88.780
28.284271 88.747
28.489231 88.714
28.695675 88.681
28.903616 88.647
29.113064 88.614
29.324028 88.580
29.536524 88.547
29.750557 88.516
29.966141 88.487
30.183289 88.459
30.402010 88.433
30.622314 88.408
30.844217 88.381
31.067726 88.353
31.292856 88.322
31.519617 88.289
31.748020 88.256
31.978081 88.225
32.209808 88.196
32.443211 88.170
32.678310 88.147
32.915108 88.123
33.153625 88.095
33.393871 88.059
33.635857 88.014
33.879597 87.961
34.125103 87.902
34.372387 87.844
34.621464 87.794
34.872345 87.757
35.125042 87.736
35.379574 87.727
35.635948 87.724
35.894180 87.718
36.154285 87.702
36.416275 87.672
36.680161 87.626
36.945961 87.571
37.213688 87.515
37.483353 87.465
37.754974 87.428
38.028561 87.403
38.304131 87.386
38.581699 87.369
38.861279 87.343
39.142883 87.302
39.426529 87.246
39.712231 87.178
40.000000 87.108
40.289856 87.044
40.581814 86.993
40.875885 86.958
41.172089 86.935
41.470440 86.918
41.770950 86.901
42.073643 86.878
42.378525 86.848
42.685616 86.812
42.994934 86.774
43.306492 86.736
43.620308 86.701
43.936401 86.667
44.254780 86.635
44.575470 86.606
44.898483 86.580
45.223835 86.556
45.551544 86.534
45.881630 86.511
46.214108 86.484
46.548996 86.456
46.886307 86.427
47.226067 86.404
47.568283 86.384
47.912983 86.366
48.260181 86.342
48.609894 86.310
48.962143 86.275
49.316940 86.246
49.674313 86.227
50.034271 86.215
50.396843 86.194
50.762039 86.147
51.129883 86.070
51.500389 85.975
51.873581 85.887
52.249481 85.829
52.628101 85.805
53.009464 85.798
53.393593 85.784
53.780506 85.745
54.170223 85.682
54.562763 85.609
54.958145 85.544
55.356396 85.495
55.757530 85.464
56.161572 85.444
56.568542 85.425
56.978462 85.401
57.391350 85.367
57.807232 85.326
58.226128 85.283
58.648056 85.245
59.073048 85.217
59.501114 85.195
59.932281 85.171
60.366577 85.139
60.804020 85.096
61.244629 85.041
61.688435 84.979
62.135452 84.920
62.585712 84.874
63.039234 84.845
63.496040 84.824
63.956161 84.799
64.419617 84.761
64.886421 84.712
65.356621 84.657
65.830215 84.602
66.307251 84.549
66.787743 84.502
67.271713 84.463
67.759193 84.426
68.250206 84.380
68.744774 84.322
69.242928 84.270
69.744690 84.244
70.250084 84.239
70.759148 84.227
71.271896 84.187
71.788361 84.127
72.308571 84.071
72.832550 84.028
73.360321 83.984
73.891922 83.934
74.427376 83.890
74.966705 83.860
75.509949 83.832
76.057121 83.803
76.608261 83.782
77.163399 83.775
77.722557 83.762
78.285767 83.721
78.853058 83.661
79.424461 83.601
80.000000 83.550
80.579712 83.518
81.163628 83.528
81.751770 83.586
82.344177 83.655
82.940880 83.689
83.541901 83.679
84.147285 83.651
84.757050 83.626
85.371231 83.602
85.989868 83.570
86.612984 83.531
87.240616 83.498
87.872803 83.479
88.509560 83.463
89.150940 83.433
89.796967 83.387
90.447670 83.338
91.103088 83.294
91.763260 83.255
92.428215 83.219
93.097992 83.185
93.772614 83.150
94.452133 83.112
95.136566 83.077
95.825966 83.048
96.520363 83.022
97.219788 82.993
97.924286 82.956
98.633881 82.911
99.348625 82.866
100.068542 82.828
100.793686 82.797
101.524078 82.764
102.259766 82.729
103.000778 82.694
103.747162 82.657
104.498962 82.620
105.256203 82.590
106.018929 82.564
106.787186 82.534
107.561012 82.497
108.340446 82.456
109.125526 82.420
109.916290 82.395
110.712791 82.375
111.515060 82.344
112.323143 82.305
113.137085 82.269
113.956924 82.244
114.782700 82.225
115.614464 82.201
116.452255 82.173
117.296112 82.150
118.146095 82.128
119.002228 82.102
119.864563 82.069
120.733154 82.033
121.608040 82.001
122.489258 81.971
123.376869 81.940
124.270905 81.912
125.171425 81.888
126.078468 81.864
126.992081 81.833
127.912323 81.799
128.839233 81.769
129.772842 81.744
130.713242 81.717
131.660431 81.688
132.614502 81.657
133.575485 81.623
134.543427 81.583
135.518387 81.546
136.500412 81.517
137.489548 81.493
138.485855 81.467
139.489380 81.441
140.500168 81.422
141.518295 81.413
142.543793 81.397
143.576721 81.360
144.617142 81.314
145.665100 81.283
146.720642 81.268
147.783844 81.262
148.854752 81.254
149.933411 81.242
151.019897 81.230
152.114243 81.218
153.216522 81.203
154.326797 81.182
155.445114 81.159
156.571533 81.137
157.706116 81.115
158.848923 81.093
160.000000 81.076
161.159424 81.063
162.327255 81.051
163.503540 81.034
164.688354 81.016
165.881760 81.003
167.083801 80.991
168.294571 80.978
169.514099 80.964
170.742462 80.953
171.979736 80.939
173.225967 80.922
174.481232 80.908
175.745605 80.895
177.019119 80.877
178.301880 80.854
179.593933 80.826
180.895340 80.792
182.206177 80.751
183.526520 80.706
184.856430 80.659
186.195984 80.612
187.545227 80.569
188.904266 80.531
190.273132 80.499
191.651932 80.469
193.040726 80.439
194.439575 80.409
195.848572 80.379
197.267761 80.351
198.697250 80.332
200.137085 80.321
201.587372 80.319
203.048157 80.322
204.519531 80.317
206.001556 80.304
207.494324 80.290
208.997925 80.280
210.512405 80.275
212.037857 80.272
213.574371 80.267
215.122025 80.261
216.680893 80.251
218.251053 80.238
219.832581 80.222
221.425583 80.208
223.030121 80.192
224.646286 80.174
226.274170 80.153
227.913849 80.134
229.565399 80.118
231.228928 80.104
232.904510 80.090
234.592224 80.075
236.292191 80.058
238.004456 80.041
239.729126 80.025
241.466309 80.009
243.216080 79.995
244.978516 79.982
246.753738 79.967
248.541809 79.949
250.342850 79.932
252.156937 79.918
253.984161 79.906
255.824646 79.894
257.678467 79.882
259.545685 79.868
261.426483 79.854
263.320862 79.840
265.229004 79.825
267.150970 79.808
269.086853 79.794
271.036774 79.786
273.000824 79.781
274.979095 79.775
276.971710 79.767
278.978760 79.756
281.000336 79.743
283.036591 79.724
285.087585 79.703
287.153442 79.688
289.234283 79.679
291.330200 79.672
293.441284 79.663
295.567688 79.651
297.709503 79.639
299.866821 79.627
302.039795 79.617
304.228485 79.608
306.433044 79.601
308.653595 79.588
310.890228 79.571
313.143066 79.555
315.412231 79.544
317.697845 79.534
320.000000 79.523
322.318848 79.514
324.654510 79.509
327.007080 79.507
329.376709 79.499
331.763519 79.483
334.167603 79.465
336.589142 79.450
339.028198 79.438
341.484924 79.428
343.959473 79.419
346.451935 79.410
348.962463 79.402
351.491211 79.392
354.038239 79.382
356.603760 79.374
359.187866 79.367
361.790680 79.356
364.412354 79.343
367.053040 79.332
369.712860 79.327
372.391968 79.320
375.090454 79.310
377.808533 79.297
380.546265 79.286
383.303864 79.277
386.081451 79.266
388.879150 79.253
391.697144 79.241
394.535522 79.228
397.394501 79.219
400.274170 79.211
403.174744 79.204
406.096313 79.199
409.039062 79.198
412.003113 79.198
414.988647 79.192
417.995850 79.181
421.024811 79.171
424.075714 79.166
427.148743 79.163
430.244049 79.155
433.361786 79.142
436.502106 79.136
439.665161 79.133
442.851166 79.126
446.060242 79.115
449.292572 79.106
452.548340 79.099
455.827698 79.091
459.130798 79.082
462.457855 79.076
465.809021 79.072
469.184448 79.070
472.584381 79.068
476.008911 79.064
479.458252 79.056
482.932617 79.047
486.432159 79.037
489.957031 79.028
493.507477 79.024
497.083618 79.022
500.685699 79.018
504.313873 79.012
507.968323 79.005
511.649292 78.995
515.356934 78.983
519.091370 78.973
522.852966 78.966
526.641724 78.961
530.458008 78.958
534.301941 78.951
538.173706 78.943
542.073547 78.933
546.001648 78.923
549.958191 78.913
553.943420 78.906
557.957520 78.902
562.000671 78.896
566.073181 78.887
570.175171 78.881
574.306885 78.877
578.468567 78.874
582.660400 78.870
586.882568 78.863
591.135376 78.856
595.419006 78.851
599.733643 78.845
604.079590 78.839
608.456970 78.835
612.866089 78.831
617.307190 78.828
621.780457 78.824
626.286133 78.820
630.824463 78.818
635.395691 78.817
640.000000 78.815
644.637695 78.813
649.309021 78.814
654.014160 78.816
658.753418 78.817
663.527039 78.814
668.335205 78.808
673.178284 78.805
678.056396 78.804
682.969849 78.801
687.918945 78.800
692.903870 78.800
697.924927 78.800
702.982422 78.801
708.076477 78.804
713.207520 78.814
718.375732 78.824
723.581360 78.828
728.824707 78.828
734.106079 78.829
739.425720 78.832
744.783936 78.836
750.180908 78.841
755.617065 78.848
761.092529 78.857
766.607727 78.865
772.162903 78.872
777.758301 78.880
783.394287 78.892
789.071045 78.909
794.789001 78.925
800.548340 78.938
806.349487 78.950
812.192627 78.961
818.078125 78.970
824.006226 78.979
829.977295 78.992
835.991699 79.010
842.049622 79.028
848.151428 79.045
854.297485 79.065
860.488098 79.088
866.723572 79.113
873.004211 79.134
879.330322 79.148
885.702332 79.155
892.120483 79.161
898.585144 79.173
905.096680 79.196
911.655396 79.230
918.261597 79.270
924.915710 79.311
931.618042 79.353
938.368896 79.394
945.168762 79.430
952.017822 79.462
958.916504 79.492
965.865234 79.524
972.864319 79.560
979.914062 79.598
987.014954 79.637
994.167236 79.674
1001.371399 79.706
1008.627747 79.732
1015.936646 79.757
1023.298584 79.784
1030.713867 79.812
1038.182739 79.840
1045.705933 79.867
1053.283447 79.898
1060.916016 79.937
1068.603882 79.985
1076.347412 80.033
1084.147095 80.081
1092.003296 80.131
1099.916382 80.183
1107.886841 80.237
1115.915039 80.292
1124.001343 80.350
1132.146362 80.407
1140.350342 80.461
1148.613770 80.512
1156.937134 80.558
1165.320801 80.598
1173.765137 80.632
1182.270752 80.666
1190.838013 80.700
1199.467285 80.733
1208.159180 80.760
1216.913940 80.785
1225.732178 80.814
1234.614380 80.848
1243.560913 80.883
1252.572266 80.917
1261.648926 80.950
1270.791382 80.981
1280.000000 81.006
1289.275391 81.029
1298.618042 81.053
1308.028320 81.081
1317.506836 81.109
1327.054077 81.135
1336.670410 81.160
1346.356567 81.182
1356.112793 81.205
1365.939697 81.228
1375.837891 81.253
1385.807739 81.280
1395.849854 81.307
1405.964844 81.334
1416.152954 81.358
1426.415039 81.381
1436.751465 81.406
1447.162720 81.431
1457.649414 81.454
1468.212158 81.473
1478.851440 81.489
1489.567871 81.507
1500.361816 81.531
1511.234131 81.556
1522.185059 81.577
1533.215454 81.597
1544.325806 81.617
1555.516602 81.634
1566.788574 81.650
1578.142090 81.668
1589.578003 81.691
1601.096680 81.721
1612.698975 81.767
1624.385254 81.830
1636.156250 81.909
1648.012451 81.997
1659.954590 82.090
1671.983398 82.185
1684.099243 82.274
1696.302856 82.351
1708.594971 82.418
1720.976196 82.475
1733.447144 82.528
1746.008423 82.581
1758.660645 82.629
1771.404663 82.670
1784.240967 82.707
1797.170288 82.742
1810.193359 82.780
1823.310791 82.822
1836.523193 82.863
1849.831421 82.904
1863.236084 82.945
1876.737793 82.987
1890.337524 83.028
1904.035645 83.070
1917.833008 83.114
1931.730469 83.161
1945.728638 83.210
1959.828125 83.261
1974.029907 83.313
1988.334473 83.366
2002.742798 83.422
2017.255493 83.481
2031.873291 83.540
2046.597168 83.597
2061.427734 83.658
2076.365479 83.721
2091.411865 83.788
2106.566895 83.856
2121.832031 83.923
2137.207764 83.991
2152.694824 84.060
2168.294189 84.133
2184.006592 84.206
2199.832764 84.278
2215.773682 84.350
2231.830078 84.424
2248.002686 84.499
2264.292725 84.575
2280.700684 84.652
2297.227539 84.730
2313.874268 84.807
2330.641602 84.886
2347.530273 84.966
2364.541504 85.049
2381.676025 85.133
2398.934570 85.217
2416.318359 85.305
2433.827881 85.395
2451.464355 85.486
2469.228760 85.581
2487.121826 85.685
2505.144531 85.799
2523.297852 85.923
2541.582764 86.055
2560.000000 86.194
2578.550781 86.341
2597.236084 86.491
2616.056641 86.636
2635.013672 86.775
2654.108154 86.910
2673.340820 87.043
2692.713135 87.171
2712.225586 87.295
2731.879395 87.415
2751.675781 87.532
2771.615479 87.647
2791.699707 87.761
2811.929688 87.875
2832.305908 87.988
2852.830078 88.098
2873.502930 88.205
2894.325439 88.309
2915.298828 88.410
2936.424316 88.506
2957.702881 88.599
2979.135742 88.690
3000.723633 88.775
3022.468262 88.854
3044.370117 88.926
3066.430908 88.989
3088.651611 89.043
3111.033203 89.089
3133.577148 89.123
3156.284180 89.144
3179.156006 89.150
3202.193359 89.139
3225.397949 89.113
3248.770508 89.069
3272.312500 89.005
3296.024902 88.921
3319.909180 88.814
3343.966797 88.683
3368.198486 88.528
3392.605713 88.351
3417.189941 88.160
3441.952393 87.959
3466.894287 87.754
3492.016846 87.550
3517.321289 87.353
3542.809326 87.168
3568.481934 86.998
3594.340576 86.841
3620.386719 86.693
3646.621582 86.553
3673.046387 86.418
3699.662842 86.288
3726.472168 86.158
3753.475586 86.025
3780.675049 85.885
3808.071289 85.740
3835.666016 85.592
3863.460938 85.441
3891.457275 85.283
3919.656250 85.120
3948.059814 84.957
3976.668945 84.799
4005.485596 84.650
4034.510986 84.512
4063.746582 84.383
4093.194336 84.261
4122.855469 84.147
4152.730957 84.043
4182.823730 83.947
4213.133789 83.854
4243.664062 83.763
4274.415527 83.676
4305.389648 83.593
4336.588379 83.511
4368.013184 83.428
4399.665527 83.345
4431.547363 83.266
4463.660156 83.192
4496.005371 83.123
4528.585449 83.057
4561.401367 82.999
4594.455078 82.949
4627.748535 82.906
4661.283203 82.869
4695.060547 82.838
4729.083008 82.815
4763.352051 82.803
4797.869141 82.801
4832.636719 82.805
4867.655762 82.817
4902.928711 82.838
4938.457520 82.863
4974.243652 82.893
5010.289062 82.928
5046.595703 82.964
5083.165527 82.999
5120.000000 83.035
5157.101562 83.073
5194.472168 83.111
5232.113281 83.147
5270.027344 83.182
5308.216309 83.216
5346.681641 83.250
5385.426270 83.283
5424.451172 83.312
5463.758789 83.339
5503.351562 83.366
5543.230957 83.391
5583.399414 83.414
5623.859375 83.434
5664.611816 83.449
5705.660156 83.462
5747.005859 83.476
5788.650879 83.489
5830.597656 83.495
5872.848633 83.496
5915.405762 83.502
5958.271484 83.514
6001.447266 83.527
6044.936523 83.539
6088.740234 83.553
6132.861816 83.572
6177.303223 83.597
6222.066406 83.630
6267.154297 83.672
6312.568359 83.720
6358.312012 83.778
6404.386719 83.845
6450.795898 83.921
6497.541016 84.009
6544.625000 84.107
6592.049805 84.213
6639.818359 84.328
6687.933594 84.454
6736.396973 84.595
6785.211426 84.751
6834.379883 84.922
6883.904785 85.105
6933.788574 85.301
6984.033691 85.508
7034.642578 85.728
7085.618652 85.962
7136.963867 86.209
7188.681152 86.467
7240.773438 86.732
7293.243164 87.004
7346.092773 87.280
7399.325684 87.555
7452.944336 87.825
7506.951172 88.086
7561.350098 88.331
7616.142578 88.541
7671.332031 88.700
7726.921875 88.799
7782.914551 88.831
7839.312500 88.782
7896.119629 88.654
7953.337891 88.460
8010.971191 88.200
8069.021973 87.866
8127.493164 87.469
8186.388672 87.027
8245.710938 86.547
8305.461914 86.033
8365.647461 85.499
8426.267578 84.962
8487.328125 84.429
8548.831055 83.905
8610.779297 83.392
8673.176758 82.897
8736.026367 82.424
8799.331055 81.973
8863.094727 81.540
8927.320312 81.126
8992.010742 80.735
9057.170898 80.366
9122.802734 80.014
9188.910156 79.681
9255.497070 79.374
9322.566406 79.088
9390.121094 78.820
9458.166016 78.574
9526.704102 78.351
9595.738281 78.152
9665.273438 77.974
9735.311523 77.814
9805.857422 77.675
9876.915039 77.561
9948.487305 77.471
10020.578125 77.404
10093.191406 77.358
10166.331055 77.334
10240.000000 77.332
10314.203125 77.354
10388.944336 77.403
10464.226562 77.476
10540.054688 77.573
10616.432617 77.693
10693.363281 77.836
10770.852539 77.999
10848.902344 78.179
10927.517578 78.374
11006.703125 78.583
11086.461914 78.803
11166.798828 79.028
11247.718750 79.253
11329.223633 79.469
11411.320312 79.664
11494.011719 79.832
11577.301758 79.969
11661.195312 80.070
11745.697266 80.140
11830.811523 80.179
11916.542969 80.186
12002.894531 80.168
12089.873047 80.128
12177.480469 80.066
12265.723633 79.989
12354.606445 79.902
12444.132812 79.808
12534.308594 79.706
12625.136719 79.600
12716.624023 79.484
12808.773438 79.349
12901.591797 79.188
12995.082031 78.998
13089.250000 78.775
13184.099609 78.521
13279.636719 78.231
13375.867188 77.913
13472.793945 77.576
13570.422852 77.233
13668.759766 76.891
13767.809570 76.547
13867.577148 76.210
13968.067383 75.914
14069.285156 75.700
14171.237305 75.563
14273.927734 75.462
14377.362305 75.361
14481.546875 75.225
14586.486328 75.020
14692.185547 74.758
14798.651367 74.480
14905.888672 74.208
15013.902344 73.935
15122.700195 73.661
15232.285156 73.397
15342.664062 73.146
15453.843750 72.923
15565.829102 72.746
15678.625000 72.613
15792.239258 72.522
15906.675781 72.485
16021.942383 72.531
16138.043945 72.664
16254.986328 72.859
16372.777344 73.095
16491.421875 73.358
16610.923828 73.624
16731.294922 73.880
16852.535156 74.115
16974.656250 74.304
17097.662109 74.436
17221.558594 74.590
17346.353516 74.977
17472.052734 75.658
17598.662109 76.208
17726.189453 76.091
17854.640625 75.170
17984.021484 73.689
18114.341797 71.992
18245.605469 70.332
18377.820312 68.846
18510.994141 67.554
18645.132812 66.391
18780.242188 65.279
18916.332031 64.166
19053.408203 63.057
19191.476562 61.956
19330.546875 60.879
19470.623047 59.877
19611.714844 58.959
19753.830078 58.089
19896.974609 57.368
