20.000000 65.269
20.144928 65.276
20.290907 65.280
20.437943 65.281
20.586044 65.302
20.735220 65.342
20.885475 65.409
21.036821 65.511
21.189262 65.636
21.342808 65.782
21.497467 65.942
21.653246 66.100
21.810154 66.257
21.968201 66.398
22.127390 66.527
22.287735 66.643
22.449242 66.745
22.611917 66.847
22.775772 66.948
22.940815 67.056
23.107054 67.173
23.274498 67.296
23.443153 67.426
23.613033 67.549
23.784142 67.664
23.956491 67.756
24.130091 67.825
24.304947 67.867
24.481071 67.883
24.658470 67.887
24.837156 67.883
25.017136 67.897
25.198421 67.932
25.381020 68.007
25.564941 68.117
25.750195 68.260
25.936790 68.415
26.124741 68.571
26.314051 68.702
26.504732 68.800
26.696796 68.853
26.890253 68.865
27.085112 68.849
27.281382 68.827
27.479073 68.820
27.678198 68.864
27.878765 68.967
28.080786 69.135
28.284271 69.345
28.489231 69.576
28.695675 69.783
28.903616 69.950
29.113064 70.048
29.324028 70.085
29.536524 70.061
29.750557 70.019
29.966141 69.989
30.183289 70.014
30.402010 70.125
30.622314 70.317
30.844217 70.572
31.067726 70.830
31.292856 71.061
31.519617 71.214
31.748020 71.274
31.978081 71.241
32.209808 71.126
32.443211 70.978
32.678310 70.838
32.915108 70.759
33.153625 70.780
33.393871 70.890
33.635857 71.068
33.879597 71.258
34.125103 71.414
34.372387 71.518
34.621464 71.554
34.872345 71.539
35.125042 71.502
35.379574 71.467
35.635948 71.463
35.894180 71.505
36.154285 71.587
36.416275 71.701
36.680161 71.836
36.945961 71.983
37.213688 72.138
37.483353 72.295
37.754974 72.443
38.028561 72.569
38.304131 72.655
38.581699 72.691
38.861279 72.682
39.142883 72.647
39.426529 72.616
39.712231 72.623
40.000000 72.691
40.289856 72.813
40.581814 72.959
40.875885 73.094
41.172089 73.190
41.470440 73.239
41.770950 73.250
42.073643 73.249
42.378525 73.273
42.685616 73.345
42.994934 73.473
43.306492 73.640
43.620308 73.814
43.936401 73.959
44.254780 74.048
44.575470 74.068
44.898483 74.030
45.223835 73.967
45.551544 73.933
45.881630 73.971
46.214108 74.095
46.548996 74.271
46.886307 74.437
47.226067 74.542
47.568283 74.569
47.912983 74.550
48.260181 74.544
48.609894 74.606
48.962143 74.742
49.316940 74.903
49.674313 75.024
50.034271 75.067
50.396843 75.040
50.762039 74.994
51.129883 74.980
51.500389 75.016
51.873581 75.076
52.249481 75.117
52.628101 75.124
53.009464 75.115
53.393593 75.126
53.780506 75.175
54.170223 75.240
54.562763 75.290
54.958145 75.308
55.356396 75.313
55.757530 75.348
56.161572 75.437
56.568542 75.558
56.978462 75.663
57.391350 75.706
57.807232 75.688
58.226128 75.656
58.648056 75.673
59.073048 75.772
59.501114 75.919
59.932281 76.040
60.366577 76.082
60.804020 76.051
61.244629 76.015
61.688435 76.045
62.135452 76.157
62.585712 76.293
63.039234 76.387
63.496040 76.420
63.956161 76.423
64.419617 76.442
64.886421 76.493
65.356621 76.561
65.830215 76.623
66.307251 76.668
66.787743 76.692
67.271713 76.702
67.759193 76.717
68.250206 76.759
68.744774 76.828
69.242928 76.894
69.744690 76.924
70.250084 76.927
70.759148 76.942
71.271896 76.994
71.788361 77.056
72.308571 77.091
72.832550 77.095
73.360321 77.103
73.891922 77.137
74.427376 77.187
74.966705 77.233
75.509949 77.271
76.057121 77.301
76.608261 77.321
77.163399 77.344
77.722557 77.386
78.285767 77.447
78.853058 77.503
79.424461 77.540
80.000000 77.567
80.579712 77.589
81.163628 77.601
81.751770 77.608
82.344177 77.633
82.940880 77.669
83.541901 77.693
84.147285 77.707
84.757050 77.735
85.371231 77.777
85.989868 77.809
86.612984 77.837
87.240616 77.874
87.872803 77.912
88.509560 77.943
89.150940 77.976
89.796967 78.002
90.447670 78.010
91.103088 78.030
91.763260 78.087
92.428215 78.132
93.097992 78.127
93.772614 78.125
94.452133 78.170
95.136566 78.218
95.825966 78.226
96.520363 78.219
97.219788 78.239
97.924286 78.283
98.633881 78.320
99.348625 78.334
100.068542 78.347
100.793686 78.373
101.524078 78.391
102.259766 78.407
103.000778 78.449
103.747162 78.495
104.498962 78.514
105.256203 78.529
106.018929 78.555
106.787186 78.573
107.561012 78.571
108.340446 78.571
109.125526 78.608
109.916290 78.667
110.712791 78.697
111.515060 78.698
112.323143 78.710
113.137085 78.741
113.956924 78.757
114.782700 78.772
115.614464 78.804
116.452255 78.809
117.296112 78.815
118.146095 78.840
119.002228 78.810
119.864563 78.825
120.733154 78.904
121.608040 78.912
122.489258 78.925
123.376869 78.949
124.270905 78.960
125.171425 78.986
126.078468 78.959
126.992081 79.003
127.912323 79.031
128.839233 78.951
129.772842 79.028
130.713242 79.082
131.660431 79.066
132.614502 79.121
133.575485 79.112
134.543427 79.149
135.518387 79.164
136.500412 79.111
137.489548 79.148
138.485855 79.128
139.489380 79.133
140.500168 79.203
141.518295 79.203
142.543793 79.240
143.576721 79.237
144.617142 79.215
145.665100 79.266
146.720642 79.299
147.783844 79.314
148.854752 79.318
149.933411 79.339
151.019897 79.332
152.114243 79.349
153.216522 79.326
154.326797 79.324
155.445114 79.362
156.571533 79.343
157.706116 79.397
158.848923 79.394
160.000000 79.425
161.159424 79.461
162.327255 79.470
163.503540 79.472
164.688354 79.491
165.881760 79.536
167.083801 79.514
168.294571 79.548
169.514099 79.569
170.742462 79.563
171.979736 79.589
173.225967 79.616
174.481232 79.624
175.745605 79.648
177.019119 79.637
178.301880 79.691
179.593933 79.685
180.895340 79.670
182.206177 79.596
183.526520 79.622
184.856430 79.652
186.195984 79.610
187.545227 79.587
188.904266 79.581
190.273132 79.578
191.651932 79.517
193.040726 79.528
194.439575 79.561
195.848572 79.553
197.267761 79.539
198.697250 79.549
200.137085 79.586
201.587372 79.589
203.048157 79.631
204.519531 79.618
206.001556 79.655
207.494324 79.679
208.997925 79.669
210.512405 79.690
212.037857 79.690
213.574371 79.745
215.122025 79.719
216.680893 79.799
218.251053 79.787
219.832581 79.768
221.425583 79.819
223.030121 79.765
224.646286 79.769
226.274170 79.785
227.913849 79.795
229.565399 79.770
231.228928 79.782
232.904510 79.824
234.592224 79.811
236.292191 79.819
238.004456 79.781
239.729126 79.796
241.466309 79.805
243.216080 79.806
244.978516 79.882
246.753738 79.817
248.541809 79.809
250.342850 79.816
252.156937 79.850
253.984161 79.808
255.824646 79.858
257.678467 79.852
259.545685 79.856
261.426483 79.829
263.320862 79.840
265.229004 79.843
267.150970 79.842
269.086853 79.867
271.036774 79.890
273.000824 79.886
274.979095 79.868
276.971710 79.879
278.978760 79.852
281.000336 79.868
283.036591 79.849
285.087585 79.869
287.153442 79.855
289.234283 79.877
291.330200 79.856
293.441284 79.859
295.567688 79.864
297.709503 79.871
299.866821 79.830
302.039795 79.853
304.228485 79.875
306.433044 79.870
308.653595 79.847
310.890228 79.870
313.143066 79.845
315.412231 79.868
317.697845 79.843
320.000000 79.852
322.318848 79.815
324.654510 79.839
327.007080 79.816
329.376709 79.816
331.763519 79.813
334.167603 79.839
336.589142 79.832
339.028198 79.867
341.484924 79.832
343.959473 79.830
346.451935 79.812
348.962463 79.829
351.491211 79.823
354.038239 79.805
356.603760 79.788
359.187866 79.829
361.790680 79.819
364.412354 79.806
367.053040 79.806
369.712860 79.846
372.391968 79.860
375.090454 79.893
377.808533 79.892
380.546265 79.916
383.303864 79.882
386.081451 79.925
388.879150 79.909
391.697144 79.911
394.535522 79.947
397.394501 79.940
400.274170 79.915
403.174744 79.937
406.096313 79.948
409.039062 79.932
412.003113 79.914
414.988647 79.913
417.995850 79.927
421.024811 79.911
424.075714 79.897
427.148743 79.874
430.244049 79.890
433.361786 79.884
436.502106 79.885
439.665161 79.897
442.851166 79.892
446.060242 79.884
449.292572 79.884
452.548340 79.854
455.827698 79.872
459.130798 79.842
462.457855 79.883
465.809021 79.854
469.184448 79.846
472.584381 79.826
476.008911 79.846
479.458252 79.806
482.932617 79.866
486.432159 79.813
489.957031 79.820
493.507477 79.807
497.083618 79.823
500.685699 79.760
504.313873 79.843
507.968323 79.785
511.649292 79.798
515.356934 79.790
519.091370 79.803
522.852966 79.788
526.641724 79.787
530.458008 79.780
534.301941 79.778
538.173706 79.835
542.073547 79.753
546.001648 79.775
549.958191 79.752
553.943420 79.777
557.957520 79.743
562.000671 79.769
566.073181 79.791
570.175171 79.805
574.306885 79.743
578.468567 79.728
582.660400 79.774
586.882568 79.756
591.135376 79.733
595.419006 79.742
599.733643 79.743
604.079590 79.721
608.456970 79.749
612.866089 79.754
617.307190 79.755
621.780457 79.750
626.286133 79.751
630.824463 79.714
635.395691 79.722
640.000000 79.753
644.637695 79.758
649.309021 79.695
654.014160 79.717
658.753418 79.751
663.527039 79.701
668.335205 79.736
673.178284 79.713
678.056396 79.719
682.969849 79.727
687.918945 79.725
692.903870 79.719
697.924927 79.710
702.982422 79.740
708.076477 79.736
713.207520 79.732
718.375732 79.739
723.581360 79.745
728.824707 79.797
734.106079 79.790
739.425720 79.745
744.783936 79.776
750.180908 79.765
755.617065 79.826
761.092529 79.792
766.607727 79.804
772.162903 79.748
777.758301 79.789
783.394287 79.839
789.071045 79.847
794.789001 79.861
800.548340 79.891
806.349487 79.902
812.192627 79.891
818.078125 79.942
824.006226 79.955
829.977295 79.951
835.991699 79.957
842.049622 79.945
848.151428 79.991
854.297485 80.002
860.488098 80.036
866.723572 80.053
873.004211 80.119
879.330322 80.084
885.702332 80.126
892.120483 80.117
898.585144 80.144
905.096680 80.170
911.655396 80.191
918.261597 80.249
924.915710 80.300
931.618042 80.297
938.368896 80.370
945.168762 80.425
952.017822 80.439
958.916504 80.468
965.865234 80.525
972.864319 80.552
979.914062 80.607
987.014954 80.678
994.167236 80.685
1001.371399 80.714
1008.627747 80.745
1015.936646 80.789
1023.298584 80.801
1030.713867 80.855
1038.182739 80.878
1045.705933 80.920
1053.283447 80.966
1060.916016 81.015
1068.603882 81.079
1076.347412 81.139
1084.147095 81.193
1092.003296 81.270
1099.916382 81.302
1107.886841 81.399
1115.915039 81.452
1124.001343 81.527
1132.146362 81.598
1140.350342 81.692
1148.613770 81.675
1156.937134 81.782
1165.320801 81.818
1173.765137 81.848
1182.270752 81.934
1190.838013 82.007
1199.467285 82.000
1208.159180 82.057
1216.913940 82.145
1225.732178 82.151
1234.614380 82.190
1243.560913 82.243
1252.572266 82.268
1261.648926 82.326
1270.791382 82.352
1280.000000 82.356
1289.275391 82.429
1298.618042 82.483
1308.028320 82.504
1317.506836 82.557
1327.054077 82.556
1336.670410 82.612
1346.356567 82.673
1356.112793 82.728
1365.939697 82.721
1375.837891 82.769
1385.807739 82.798
1395.849854 82.834
1405.964844 82.880
1416.152954 82.895
1426.415039 82.950
1436.751465 82.968
1447.162720 82.992
1457.649414 83.046
1468.212158 83.102
1478.851440 83.068
1489.567871 83.143
1500.361816 83.144
1511.234131 83.219
1522.185059 83.257
1533.215454 83.288
1544.325806 83.342
1555.516602 83.350
1566.788574 83.396
1578.142090 83.446
1589.578003 83.451
1601.096680 83.515
1612.698975 83.507
1624.385254 83.550
1636.156250 83.572
1648.012451 83.623
1659.954590 83.651
1671.983398 83.701
1684.099243 83.718
1696.302856 83.778
1708.594971 83.837
1720.976196 83.846
1733.447144 83.872
1746.008423 83.926
1758.660645 83.985
1771.404663 84.021
1784.240967 84.054
1797.170288 84.104
1810.193359 84.147
1823.310791 84.164
1836.523193 84.201
1849.831421 84.262
1863.236084 84.290
1876.737793 84.356
1890.337524 84.382
1904.035645 84.438
1917.833008 84.522
1931.730469 84.538
1945.728638 84.604
1959.828125 84.635
1974.029907 84.698
1988.334473 84.767
2002.742798 84.773
2017.255493 84.844
2031.873291 84.907
2046.597168 84.946
2061.427734 85.034
2076.365479 85.097
2091.411865 85.155
2106.566895 85.168
2121.832031 85.285
2137.207764 85.335
2152.694824 85.387
2168.294189 85.454
2184.006592 85.532
2199.832764 85.606
2215.773682 85.683
2231.830078 85.745
2248.002686 85.805
2264.292725 85.885
2280.700684 85.963
2297.227539 86.057
2313.874268 86.130
2330.641602 86.198
2347.530273 86.299
2364.541504 86.356
2381.676025 86.462
2398.934570 86.534
2416.318359 86.636
2433.827881 86.722
2451.464355 86.780
2469.228760 86.875
2487.121826 86.948
2505.144531 87.077
2523.297852 87.145
2541.582764 87.260
2560.000000 87.315
2578.550781 87.445
2597.236084 87.542
2616.056641 87.642
2635.013672 87.718
2654.108154 87.834
2673.340820 87.969
2692.713135 88.026
2712.225586 88.173
2731.879395 88.284
2751.675781 88.408
2771.615479 88.530
2791.699707 88.656
2811.929688 88.782
2832.305908 88.901
2852.830078 89.004
2873.502930 89.101
2894.325439 89.191
2915.298828 89.304
2936.424316 89.376
2957.702881 89.451
2979.135742 89.503
3000.723633 89.594
3022.468262 89.645
3044.370117 89.706
3066.430908 89.763
3088.651611 89.828
3111.033203 89.886
3133.577148 89.898
3156.284180 89.931
3179.156006 89.963
3202.193359 89.985
3225.397949 89.988
3248.770508 89.997
3272.312500 89.980
3296.024902 89.965
3319.909180 89.941
3343.966797 89.890
3368.198486 89.824
3392.605713 89.765
3417.189941 89.702
3441.952393 89.602
3466.894287 89.541
3492.016846 89.468
3517.321289 89.363
3542.809326 89.279
3568.481934 89.186
3594.340576 89.098
3620.386719 89.005
3646.621582 88.903
3673.046387 88.778
3699.662842 88.650
3726.472168 88.527
3753.475586 88.396
3780.675049 88.265
3808.071289 88.100
3835.666016 87.965
3863.460938 87.800
3891.457275 87.654
3919.656250 87.448
3948.059814 87.316
3976.668945 87.112
4005.485596 86.958
4034.510986 86.825
4063.746582 86.637
4093.194336 86.521
4122.855469 86.368
4152.730957 86.217
4182.823730 86.147
4213.133789 85.971
4243.664062 85.853
4274.415527 85.741
4305.389648 85.646
4336.588379 85.524
4368.013184 85.405
4399.665527 85.306
4431.547363 85.210
4463.660156 85.057
4496.005371 84.967
4528.585449 84.919
4561.401367 84.746
4594.455078 84.733
4627.748535 84.613
4661.283203 84.528
4695.060547 84.458
4729.083008 84.360
4763.352051 84.348
4797.869141 84.223
4832.636719 84.193
4867.655762 84.166
4902.928711 84.071
4938.457520 83.986
4974.243652 83.938
5010.289062 83.902
5046.595703 83.890
5083.165527 83.787
5120.000000 83.705
5157.101562 83.651
5194.472168 83.634
5232.113281 83.552
5270.027344 83.530
5308.216309 83.372
5346.681641 83.377
5385.426270 83.289
5424.451172 83.272
5463.758789 83.140
5503.351562 83.060
5543.230957 83.033
5583.399414 83.010
5623.859375 82.928
5664.611816 82.885
5705.660156 82.802
5747.005859 82.691
5788.650879 82.713
5830.597656 82.573
5872.848633 82.467
5915.405762 82.401
5958.271484 82.289
6001.447266 82.178
6044.936523 82.075
6088.740234 81.942
6132.861816 81.830
6177.303223 81.715
6222.066406 81.640
6267.154297 81.549
6312.568359 81.390
6358.312012 81.410
6404.386719 81.276
6450.795898 81.138
6497.541016 81.068
6544.625000 80.981
6592.049805 80.892
6639.818359 80.765
6687.933594 80.780
6736.396973 80.669
6785.211426 80.584
6834.379883 80.461
6883.904785 80.453
6933.788574 80.332
6984.033691 80.292
7034.642578 80.254
7085.618652 80.101
7136.963867 80.034
7188.681152 80.048
7240.773438 79.979
7293.243164 79.917
7346.092773 79.851
7399.325684 80.003
7452.944336 79.931
7506.951172 79.929
7561.350098 80.031
7616.142578 80.095
7671.332031 80.148
7726.921875 80.269
7782.914551 80.485
7839.312500 80.778
7896.119629 81.010
7953.337891 81.173
8010.971191 81.436
8069.021973 81.746
8127.493164 81.842
8186.388672 82.044
8245.710938 82.228
8305.461914 82.465
8365.647461 82.610
8426.267578 82.817
8487.328125 83.042
8548.831055 83.336
8610.779297 83.601
8673.176758 83.977
8736.026367 84.225
8799.331055 84.545
8863.094727 84.928
8927.320312 85.336
8992.010742 85.767
9057.170898 86.184
9122.802734 86.598
9188.910156 87.014
9255.497070 87.541
9322.566406 88.008
9390.121094 88.431
9458.166016 88.826
9526.704102 89.125
9595.738281 89.341
9665.273438 89.459
9735.311523 89.434
9805.857422 89.353
9876.915039 89.135
9948.487305 88.864
10020.578125 88.483
10093.191406 88.099
10166.331055 87.656
10240.000000 87.177
10314.203125 86.779
10388.944336 86.301
10464.226562 85.866
10540.054688 85.431
10616.432617 85.049
10693.363281 84.578
10770.852539 84.257
10848.902344 83.913
10927.517578 83.621
11006.703125 83.298
11086.461914 82.971
11166.798828 82.629
11247.718750 82.397
11329.223633 81.973
11411.320312 81.787
11494.011719 81.244
11577.301758 80.993
11661.195312 80.750
11745.697266 80.465
11830.811523 80.169
11916.542969 79.921
12002.894531 79.585
12089.873047 79.236
12177.480469 79.058
12265.723633 78.759
12354.606445 78.556
12444.132812 78.263
12534.308594 78.020
12625.136719 77.714
12716.624023 77.601
12808.773438 77.334
12901.591797 77.118
12995.082031 77.065
13089.250000 76.860
13184.099609 76.897
13279.636719 76.662
13375.867188 76.580
13472.793945 76.504
13570.422852 76.320
13668.759766 76.127
13767.809570 76.377
13867.577148 75.961
13968.067383 76.026
14069.285156 76.046
14171.237305 76.059
14273.927734 76.243
14377.362305 76.325
14481.546875 76.297
14586.486328 76.172
14692.185547 75.770
14798.651367 75.485
14905.888672 75.597
15013.902344 75.434
15122.700195 74.913
15232.285156 74.737
15342.664062 74.344
15453.843750 74.061
15565.829102 73.845
15678.625000 73.713
15792.239258 73.449
15906.675781 73.279
16021.942383 73.158
16138.043945 72.980
16254.986328 72.595
16372.777344 72.935
16491.421875 72.611
16610.923828 72.445
16731.294922 72.305
16852.535156 71.794
16974.656250 71.344
17097.662109 71.019
17221.558594 69.922
17346.353516 69.432
17472.052734 68.967
17598.662109 68.802
17726.189453 68.108
17854.640625 68.352
17984.021484 67.400
18114.341797 66.623
18245.605469 66.921
18377.820312 66.777
18510.994141 66.509
18645.132812 65.510
18780.242188 65.952
18916.332031 64.675
19053.408203 63.214
19191.476562 64.093
19330.546875 66.675
19470.623047 67.663
19611.714844 67.468
19753.830078 67.682
19896.974609 66.088
