20.000000 91.950
20.144928 91.934
20.290907 91.914
20.437943 91.890
20.586044 91.862
20.735220 91.833
20.885475 91.801
21.036821 91.769
21.189262 91.737
21.342808 91.706
21.497467 91.676
21.653246 91.648
21.810154 91.622
21.968201 91.599
22.127390 91.580
22.287735 91.565
22.449242 91.552
22.611917 91.543
22.775772 91.536
22.940815 91.530
23.107054 91.525
23.274498 91.518
23.443153 91.509
23.613033 91.497
23.784142 91.480
23.956491 91.460
24.130091 91.437
24.304947 91.411
24.481071 91.385
24.658470 91.358
24.837156 91.332
25.017136 91.306
25.198421 91.279
25.381020 91.252
25.564941 91.221
25.750195 91.188
25.936790 91.152
26.124741 91.114
26.314051 91.077
26.504732 91.043
26.696796 91.015
26.890253 90.994
27.085112 90.979
27.281382 90.967
27.479073 90.955
27.678198 90.938
27.878765 90.914
28.080786 90.879
28.284271 90.836
28.489231 90.788
28.695675 90.743
28.903616 90.706
29.113064 90.682
29.324028 90.673
29.536524 90.677
29.750557 90.687
29.966141 90.696
30.183289 90.699
30.402010 90.693
30.622314 90.680
30.844217 90.665
31.067726 90.656
31.292856 90.655
31.519617 90.663
31.748020 90.670
31.978081 90.665
32.209808 90.634
32.443211 90.567
32.678310 90.464
32.915108 90.333
33.153625 90.194
33.393871 90.076
33.635857 89.998
33.879597 89.971
34.125103 89.984
34.372387 90.011
34.621464 90.024
34.872345 89.998
35.125042 89.927
35.379574 89.824
35.635948 89.716
35.894180 89.638
36.154285 89.619
36.416275 89.661
36.680161 89.741
36.945961 89.825
37.213688 89.873
37.483353 89.862
37.754974 89.791
38.028561 89.678
38.304131 89.552
38.581699 89.451
38.861279 89.399
39.142883 89.398
39.426529 89.431
39.712231 89.473
40.000000 89.499
40.289856 89.496
40.581814 89.465
40.875885 89.417
41.172089 89.369
41.470440 89.333
41.770950 89.312
42.073643 89.298
42.378525 89.275
42.685616 89.225
42.994934 89.137
43.306492 89.013
43.620308 88.874
43.936401 88.752
44.254780 88.677
44.575470 88.661
44.898483 88.686
45.223835 88.717
45.551544 88.719
45.881630 88.673
46.214108 88.587
46.548996 88.488
46.886307 88.409
47.226067 88.365
47.568283 88.350
47.912983 88.341
48.260181 88.319
48.609894 88.283
48.962143 88.245
49.316940 88.223
49.674313 88.223
50.034271 88.231
50.396843 88.225
50.762039 88.192
51.129883 88.130
51.500389 88.057
51.873581 87.992
52.249481 87.951
52.628101 87.933
53.009464 87.929
53.393593 87.930
53.780506 87.929
54.170223 87.924
54.562763 87.908
54.958145 87.876
55.356396 87.824
55.757530 87.755
56.161572 87.680
56.568542 87.615
56.978462 87.568
57.391350 87.538
57.807232 87.516
58.226128 87.491
58.648056 87.459
59.073048 87.421
59.501114 87.381
59.932281 87.339
60.366577 87.296
60.804020 87.252
61.244629 87.211
61.688435 87.177
62.135452 87.151
62.585712 87.130
63.039234 87.108
63.496040 87.082
63.956161 87.051
64.419617 87.015
64.886421 86.976
65.356621 86.938
65.830215 86.899
66.307251 86.860
66.787743 86.819
67.271713 86.774
67.759193 86.728
68.250206 86.681
68.744774 86.637
69.242928 86.594
69.744690 86.554
70.250084 86.514
70.759148 86.476
71.271896 86.441
71.788361 86.406
72.308571 86.372
72.832550 86.335
73.360321 86.297
73.891922 86.260
74.427376 86.228
74.966705 86.199
75.509949 86.170
76.057121 86.135
76.608261 86.095
77.163399 86.055
77.722557 86.024
78.285767 86.000
78.853058 85.974
79.424461 85.936
80.000000 85.891
80.579712 85.850
81.163628 85.815
81.751770 85.782
82.344177 85.744
82.940880 85.700
83.541901 85.658
84.147285 85.623
84.757050 85.594
85.371231 85.567
85.989868 85.536
86.612984 85.500
87.240616 85.464
87.872803 85.429
88.509560 85.390
89.150940 85.346
89.796967 85.303
90.447670 85.267
91.103088 85.233
91.763260 85.197
92.428215 85.161
93.097992 85.132
93.772614 85.107
94.452133 85.076
95.136566 85.041
95.825966 85.008
96.520363 84.976
97.219788 84.940
97.924286 84.898
98.633881 84.857
99.348625 84.821
100.068542 84.787
100.793686 84.751
101.524078 84.712
102.259766 84.672
103.000778 84.634
103.747162 84.600
104.498962 84.573
105.256203 84.546
106.018929 84.517
106.787186 84.486
107.561012 84.455
108.340446 84.427
109.125526 84.397
109.916290 84.365
110.712791 84.329
111.515060 84.293
112.323143 84.257
113.137085 84.220
113.956924 84.186
114.782700 84.154
115.614464 84.123
116.452255 84.091
117.296112 84.059
118.146095 84.028
119.002228 84.000
119.864563 83.973
120.733154 83.944
121.608040 83.913
122.489258 83.884
123.376869 83.856
124.270905 83.826
125.171425 83.795
126.078468 83.767
126.992081 83.743
127.912323 83.716
128.839233 83.685
129.772842 83.653
130.713242 83.619
131.660431 83.586
132.614502 83.556
133.575485 83.526
134.543427 83.498
135.518387 83.475
136.500412 83.454
137.489548 83.432
138.485855 83.406
139.489380 83.376
140.500168 83.345
141.518295 83.319
142.543793 83.293
143.576721 83.265
144.617142 83.240
145.665100 83.212
146.720642 83.179
147.783844 83.147
148.854752 83.119
149.933411 83.092
151.019897 83.061
152.114243 83.031
153.216522 83.003
154.326797 82.977
155.445114 82.954
156.571533 82.931
157.706116 82.906
158.848923 82.877
160.000000 82.847
161.159424 82.818
162.327255 82.792
163.503540 82.771
164.688354 82.755
165.881760 82.740
167.083801 82.720
168.294571 82.697
169.514099 82.679
170.742462 82.666
171.979736 82.655
173.225967 82.642
174.481232 82.622
175.745605 82.593
177.019119 82.558
178.301880 82.523
179.593933 82.486
180.895340 82.443
182.206177 82.396
183.526520 82.352
184.856430 82.312
186.195984 82.273
187.545227 82.237
188.904266 82.204
190.273132 82.178
191.651932 82.158
193.040726 82.143
194.439575 82.135
195.848572 82.133
197.267761 82.132
198.697250 82.130
200.137085 82.130
201.587372 82.134
203.048157 82.144
204.519531 82.159
206.001556 82.178
207.494324 82.198
208.997925 82.218
210.512405 82.237
212.037857 82.252
213.574371 82.263
215.122025 82.270
216.680893 82.268
218.251053 82.260
219.832581 82.250
221.425583 82.240
223.030121 82.227
224.646286 82.210
226.274170 82.190
227.913849 82.167
229.565399 82.144
231.228928 82.122
232.904510 82.100
234.592224 82.080
236.292191 82.059
238.004456 82.035
239.729126 82.009
241.466309 81.983
243.216080 81.962
244.978516 81.946
246.753738 81.935
248.541809 81.923
250.342850 81.909
252.156937 81.888
253.984161 81.860
255.824646 81.834
257.678467 81.812
259.545685 81.794
261.426483 81.778
263.320862 81.764
265.229004 81.749
267.150970 81.730
269.086853 81.708
271.036774 81.688
273.000824 81.672
274.979095 81.657
276.971710 81.641
278.978760 81.620
281.000336 81.596
283.036591 81.575
285.087585 81.561
287.153442 81.550
289.234283 81.536
291.330200 81.518
293.441284 81.502
295.567688 81.489
297.709503 81.476
299.866821 81.464
302.039795 81.453
304.228485 81.443
306.433044 81.433
308.653595 81.420
310.890228 81.403
313.143066 81.383
315.412231 81.367
317.697845 81.355
320.000000 81.347
322.318848 81.338
324.654510 81.326
327.007080 81.314
329.376709 81.299
331.763519 81.279
334.167603 81.259
336.589142 81.246
339.028198 81.237
341.484924 81.226
343.959473 81.211
346.451935 81.194
348.962463 81.178
351.491211 81.166
354.038239 81.158
356.603760 81.151
359.187866 81.144
361.790680 81.135
364.412354 81.123
367.053040 81.109
369.712860 81.097
372.391968 81.085
375.090454 81.075
377.808533 81.064
380.546265 81.055
383.303864 81.045
386.081451 81.035
388.879150 81.023
391.697144 81.011
394.535522 80.999
397.394501 80.985
400.274170 80.972
403.174744 80.961
406.096313 80.950
409.039062 80.938
412.003113 80.928
414.988647 80.920
417.995850 80.912
421.024811 80.906
424.075714 80.904
427.148743 80.899
430.244049 80.889
433.361786 80.874
436.502106 80.859
439.665161 80.846
442.851166 80.835
446.060242 80.823
449.292572 80.812
452.548340 80.804
455.827698 80.799
459.130798 80.792
462.457855 80.781
465.809021 80.768
469.184448 80.758
472.584381 80.751
476.008911 80.744
479.458252 80.736
482.932617 80.724
486.432159 80.712
489.957031 80.699
493.507477 80.686
497.083618 80.674
500.685699 80.665
504.313873 80.659
507.968323 80.654
511.649292 80.647
515.356934 80.640
519.091370 80.633
522.852966 80.629
526.641724 80.625
530.458008 80.619
534.301941 80.612
538.173706 80.605
542.073547 80.598
546.001648 80.590
549.958191 80.579
553.943420 80.568
557.957520 80.559
562.000671 80.552
566.073181 80.543
570.175171 80.534
574.306885 80.530
578.468567 80.526
582.660400 80.520
586.882568 80.513
591.135376 80.508
595.419006 80.504
599.733643 80.498
604.079590 80.492
608.456970 80.483
612.866089 80.475
617.307190 80.466
621.780457 80.456
626.286133 80.447
630.824463 80.443
635.395691 80.442
640.000000 80.438
644.637695 80.434
649.309021 80.425
654.014160 80.416
658.753418 80.406
663.527039 80.398
668.335205 80.390
673.178284 80.385
678.056396 80.383
682.969849 80.381
687.918945 80.377
692.903870 80.372
697.924927 80.371
702.982422 80.372
708.076477 80.377
713.207520 80.381
718.375732 80.385
723.581360 80.387
728.824707 80.388
734.106079 80.391
739.425720 80.396
744.783936 80.406
750.180908 80.415
755.617065 80.423
761.092529 80.429
766.607727 80.431
772.162903 80.435
777.758301 80.443
783.394287 80.452
789.071045 80.459
794.789001 80.467
800.548340 80.477
806.349487 80.486
812.192627 80.497
818.078125 80.513
824.006226 80.525
829.977295 80.534
835.991699 80.544
842.049622 80.553
848.151428 80.564
854.297485 80.581
860.488098 80.605
866.723572 80.632
873.004211 80.657
879.330322 80.676
885.702332 80.688
892.120483 80.698
898.585144 80.715
905.096680 80.743
911.655396 80.778
918.261597 80.815
924.915710 80.854
931.618042 80.895
938.368896 80.935
945.168762 80.972
952.017822 81.007
958.916504 81.045
965.865234 81.080
972.864319 81.110
979.914062 81.140
987.014954 81.174
994.167236 81.211
1001.371399 81.246
1008.627747 81.277
1015.936646 81.305
1023.298584 81.335
1030.713867 81.369
1038.182739 81.406
1045.705933 81.446
1053.283447 81.487
1060.916016 81.531
1068.603882 81.581
1076.347412 81.638
1084.147095 81.693
1092.003296 81.750
1099.916382 81.814
1107.886841 81.882
1115.915039 81.947
1124.001343 82.008
1132.146362 82.069
1140.350342 82.130
1148.613770 82.189
1156.937134 82.241
1165.320801 82.288
1173.765137 82.333
1182.270752 82.378
1190.838013 82.421
1199.467285 82.460
1208.159180 82.496
1216.913940 82.531
1225.732178 82.567
1234.614380 82.606
1243.560913 82.645
1252.572266 82.683
1261.648926 82.721
1270.791382 82.760
1280.000000 82.800
1289.275391 82.838
1298.618042 82.875
1308.028320 82.910
1317.506836 82.945
1327.054077 82.981
1336.670410 83.016
1346.356567 83.048
1356.112793 83.078
1365.939697 83.109
1375.837891 83.143
1385.807739 83.179
1395.849854 83.214
1405.964844 83.248
1416.152954 83.280
1426.415039 83.313
1436.751465 83.345
1447.162720 83.374
1457.649414 83.402
1468.212158 83.434
1478.851440 83.467
1489.567871 83.499
1500.361816 83.529
1511.234131 83.559
1522.185059 83.589
1533.215454 83.620
1544.325806 83.655
1555.516602 83.690
1566.788574 83.724
1578.142090 83.756
1589.578003 83.790
1601.096680 83.825
1612.698975 83.859
1624.385254 83.890
1636.156250 83.920
1648.012451 83.952
1659.954590 83.985
1671.983398 84.020
1684.099243 84.055
1696.302856 84.090
1708.594971 84.126
1720.976196 84.164
1733.447144 84.204
1746.008423 84.244
1758.660645 84.282
1771.404663 84.319
1784.240967 84.357
1797.170288 84.399
1810.193359 84.440
1823.310791 84.480
1836.523193 84.520
1849.831421 84.560
1863.236084 84.601
1876.737793 84.643
1890.337524 84.687
1904.035645 84.732
1917.833008 84.776
1931.730469 84.822
1945.728638 84.872
1959.828125 84.923
1974.029907 84.973
1988.334473 85.023
2002.742798 85.074
2017.255493 85.126
2031.873291 85.178
2046.597168 85.232
2061.427734 85.286
2076.365479 85.341
2091.411865 85.400
2106.566895 85.460
2121.832031 85.522
2137.207764 85.585
2152.694824 85.650
2168.294189 85.715
2184.006592 85.783
2199.832764 85.853
2215.773682 85.925
2231.830078 85.998
2248.002686 86.072
2264.292725 86.146
2280.700684 86.221
2297.227539 86.296
2313.874268 86.373
2330.641602 86.454
2347.530273 86.536
2364.541504 86.620
2381.676025 86.704
2398.934570 86.790
2416.318359 86.879
2433.827881 86.970
2451.464355 87.063
2469.228760 87.157
2487.121826 87.251
2505.144531 87.343
2523.297852 87.436
2541.582764 87.533
2560.000000 87.630
2578.550781 87.728
2597.236084 87.826
2616.056641 87.927
2635.013672 88.030
2654.108154 88.136
2673.340820 88.248
2692.713135 88.367
2712.225586 88.494
2731.879395 88.627
2751.675781 88.766
2771.615479 88.909
2791.699707 89.051
2811.929688 89.189
2832.305908 89.323
2852.830078 89.451
2873.502930 89.575
2894.325439 89.692
2915.298828 89.802
2936.424316 89.904
2957.702881 90.000
2979.135742 90.090
3000.723633 90.172
3022.468262 90.246
3044.370117 90.313
3066.430908 90.371
3088.651611 90.421
3111.033203 90.460
3133.577148 90.488
3156.284180 90.503
3179.156006 90.505
3202.193359 90.494
3225.397949 90.471
3248.770508 90.434
3272.312500 90.383
3296.024902 90.318
3319.909180 90.240
3343.966797 90.149
3368.198486 90.045
3392.605713 89.927
3417.189941 89.800
3441.952393 89.666
3466.894287 89.528
3492.016846 89.388
3517.321289 89.244
3542.809326 89.097
3568.481934 88.949
3594.340576 88.798
3620.386719 88.644
3646.621582 88.484
3673.046387 88.319
3699.662842 88.150
3726.472168 87.979
3753.475586 87.802
3780.675049 87.620
3808.071289 87.434
3835.666016 87.247
3863.460938 87.057
3891.457275 86.863
3919.656250 86.668
3948.059814 86.474
3976.668945 86.282
4005.485596 86.094
4034.510986 85.912
4063.746582 85.735
4093.194336 85.562
4122.855469 85.396
4152.730957 85.241
4182.823730 85.091
4213.133789 84.942
4243.664062 84.795
4274.415527 84.651
4305.389648 84.507
4336.588379 84.363
4368.013184 84.220
4399.665527 84.077
4431.547363 83.938
4463.660156 83.806
4496.005371 83.679
4528.585449 83.558
4561.401367 83.443
4594.455078 83.334
4627.748535 83.233
4661.283203 83.140
4695.060547 83.053
4729.083008 82.971
4763.352051 82.896
4797.869141 82.826
4832.636719 82.763
4867.655762 82.705
4902.928711 82.653
4938.457520 82.608
4974.243652 82.570
5010.289062 82.535
5046.595703 82.504
5083.165527 82.476
5120.000000 82.446
5157.101562 82.415
5194.472168 82.385
5232.113281 82.353
5270.027344 82.318
5308.216309 82.279
5346.681641 82.234
5385.426270 82.182
5424.451172 82.125
5463.758789 82.065
5503.351562 82.001
5543.230957 81.931
5583.399414 81.857
5623.859375 81.780
5664.611816 81.703
5705.660156 81.625
5747.005859 81.545
5788.650879 81.460
5830.597656 81.370
5872.848633 81.275
5915.405762 81.177
5958.271484 81.080
6001.447266 80.983
6044.936523 80.885
6088.740234 80.788
6132.861816 80.694
6177.303223 80.602
6222.066406 80.510
6267.154297 80.421
6312.568359 80.334
6358.312012 80.251
6404.386719 80.170
6450.795898 80.091
6497.541016 80.017
6544.625000 79.946
6592.049805 79.876
6639.818359 79.806
6687.933594 79.739
6736.396973 79.674
6785.211426 79.613
6834.379883 79.557
6883.904785 79.503
6933.788574 79.450
6984.033691 79.405
7034.642578 79.370
7085.618652 79.339
7136.963867 79.312
7188.681152 79.292
7240.773438 79.282
7293.243164 79.284
7346.092773 79.298
7399.325684 79.327
7452.944336 79.371
7506.951172 79.436
7561.350098 79.531
7616.142578 79.655
7671.332031 79.801
7726.921875 79.968
7782.914551 80.156
7839.312500 80.359
7896.119629 80.575
7953.337891 80.807
8010.971191 81.040
8069.021973 81.263
8127.493164 81.483
8186.388672 81.708
8245.710938 81.932
8305.461914 82.153
8365.647461 82.384
8426.267578 82.630
8487.328125 82.897
8548.831055 83.186
8610.779297 83.497
8673.176758 83.834
8736.026367 84.199
8799.331055 84.590
8863.094727 85.003
8927.320312 85.436
8992.010742 85.883
9057.170898 86.334
9122.802734 86.782
9188.910156 87.213
9255.497070 87.611
9322.566406 87.957
9390.121094 88.234
9458.166016 88.425
9526.704102 88.519
9595.738281 88.508
9665.273438 88.395
9735.311523 88.187
9805.857422 87.900
9876.915039 87.547
9948.487305 87.144
10020.578125 86.710
10093.191406 86.258
10166.331055 85.800
10240.000000 85.344
10314.203125 84.898
10388.944336 84.469
10464.226562 84.058
10540.054688 83.667
10616.432617 83.298
10693.363281 82.954
10770.852539 82.634
10848.902344 82.336
10927.517578 82.055
11006.703125 81.790
11086.461914 81.539
11166.798828 81.300
11247.718750 81.074
11329.223633 80.856
11411.320312 80.639
11494.011719 80.417
11577.301758 80.189
11661.195312 79.951
11745.697266 79.700
11830.811523 79.432
11916.542969 79.146
12002.894531 78.847
12089.873047 78.531
12177.480469 78.198
12265.723633 77.848
12354.606445 77.490
12444.132812 77.130
12534.308594 76.771
12625.136719 76.415
12716.624023 76.066
12808.773438 75.723
12901.591797 75.391
12995.082031 75.077
13089.250000 74.778
13184.099609 74.479
13279.636719 74.170
13375.867188 73.848
13472.793945 73.523
13570.422852 73.203
13668.759766 72.905
13767.809570 72.636
13867.577148 72.406
13968.067383 72.240
14069.285156 72.167
14171.237305 72.177
14273.927734 72.224
14377.362305 72.271
14481.546875 72.282
14586.486328 72.223
14692.185547 72.103
14798.651367 71.962
14905.888672 71.815
15013.902344 71.660
15122.700195 71.505
15232.285156 71.348
15342.664062 71.189
15453.843750 71.050
15565.829102 70.950
15678.625000 70.875
15792.239258 70.814
15906.675781 70.780
16021.942383 70.802
16138.043945 70.879
16254.986328 70.980
16372.777344 71.083
16491.421875 71.162
16610.923828 71.183
16731.294922 71.134
16852.535156 71.026
16974.656250 70.878
17097.662109 70.759
17221.558594 70.883
17346.353516 71.624
17472.052734 72.968
17598.662109 74.249
17726.189453 74.839
17854.640625 74.645
17984.021484 73.964
18114.341797 73.149
18245.605469 72.420
18377.820312 71.864
18510.994141 71.481
18645.132812 71.198
18780.242188 70.912
18916.332031 70.547
19053.408203 70.087
19191.476562 69.550
19330.546875 68.980
19470.623047 68.421
19611.714844 67.920
19753.830078 67.520
19896.974609 67.253
