20.000000 65.210
20.144928 65.325
20.290907 65.448
20.437943 65.580
20.586044 65.709
20.735220 65.836
20.885475 65.950
21.036821 66.049
21.189262 66.130
21.342808 66.187
21.497467 66.224
21.653246 66.242
21.810154 66.244
21.968201 66.243
22.127390 66.238
22.287735 66.249
22.449242 66.277
22.611917 66.334
22.775772 66.424
22.940815 66.544
23.107054 66.695
23.274498 66.860
23.443153 67.039
23.613033 67.210
23.784142 67.371
23.956491 67.509
24.130091 67.620
24.304947 67.703
24.481071 67.758
24.658470 67.793
24.837156 67.812
25.017136 67.832
25.198421 67.857
25.381020 67.902
25.564941 67.968
25.750195 68.061
25.936790 68.173
26.124741 68.300
26.314051 68.427
26.504732 68.549
26.696796 68.654
26.890253 68.739
27.085112 68.801
27.281382 68.846
27.479073 68.876
27.678198 68.905
27.878765 68.936
28.080786 68.979
28.284271 69.034
28.489231 69.104
28.695675 69.183
28.903616 69.269
29.113064 69.359
29.324028 69.452
29.536524 69.550
29.750557 69.658
29.966141 69.775
30.183289 69.903
30.402010 70.035
30.622314 70.165
30.844217 70.283
31.067726 70.379
31.292856 70.451
31.519617 70.501
31.748020 70.542
31.978081 70.584
32.209808 70.643
32.443211 70.724
32.678310 70.821
32.915108 70.926
33.153625 71.013
33.393871 71.071
33.635857 71.092
33.879597 71.086
34.125103 71.084
34.372387 71.114
34.621464 71.209
34.872345 71.380
35.125042 71.600
35.379574 71.831
35.635948 72.024
35.894180 72.130
36.154285 72.133
36.416275 72.039
36.680161 71.876
36.945961 71.702
37.213688 71.596
37.483353 71.601
37.754974 71.723
38.028561 71.929
38.304131 72.149
38.581699 72.321
38.861279 72.417
39.142883 72.435
39.426529 72.400
39.712231 72.351
40.000000 72.332
40.289856 72.366
40.581814 72.447
40.875885 72.548
41.172089 72.641
41.470440 72.703
41.770950 72.732
42.073643 72.746
42.378525 72.773
42.685616 72.842
42.994934 72.964
43.306492 73.120
43.620308 73.274
43.936401 73.386
44.254780 73.424
44.575470 73.383
44.898483 73.290
45.223835 73.202
45.551544 73.187
45.881630 73.285
46.214108 73.474
46.548996 73.681
46.886307 73.828
47.226067 73.869
47.568283 73.818
47.912983 73.742
48.260181 73.728
48.609894 73.825
48.962143 74.001
49.316940 74.167
49.674313 74.251
50.034271 74.242
50.396843 74.202
50.762039 74.215
51.129883 74.326
51.500389 74.488
51.873581 74.611
52.249481 74.622
52.628101 74.520
53.009464 74.371
53.393593 74.273
53.780506 74.282
54.170223 74.384
54.562763 74.520
54.958145 74.640
55.356396 74.717
55.757530 74.753
56.161572 74.764
56.568542 74.786
56.978462 74.853
57.391350 74.968
57.807232 75.094
58.226128 75.186
58.648056 75.256
59.073048 75.376
59.501114 75.600
59.932281 75.864
60.366577 76.014
60.804020 75.926
61.244629 75.617
61.688435 75.269
62.135452 75.123
62.585712 75.239
63.039234 75.455
63.496040 75.601
63.956161 75.638
64.419617 75.613
64.886421 75.568
65.356621 75.524
65.830215 75.522
66.307251 75.602
66.787743 75.729
67.271713 75.800
67.759193 75.765
68.250206 75.693
68.744774 75.696
69.242928 75.778
69.744690 75.851
70.250084 75.874
70.759148 75.892
71.271896 75.945
71.788361 75.994
72.308571 76.003
72.832550 76.003
73.360321 76.045
73.891922 76.111
74.427376 76.138
74.966705 76.110
75.509949 76.088
76.057121 76.112
76.608261 76.148
77.163399 76.140
77.722557 76.097
78.285767 76.090
78.853058 76.130
79.424461 76.137
80.000000 76.085
80.579712 76.108
81.163628 76.267
81.751770 76.393
82.344177 76.328
82.940880 76.220
83.541901 76.312
84.147285 76.522
84.757050 76.582
85.371231 76.487
85.989868 76.443
86.612984 76.512
87.240616 76.599
87.872803 76.655
88.509560 76.671
89.150940 76.636
89.796967 76.635
90.447670 76.751
91.103088 76.852
91.763260 76.785
92.428215 76.634
93.097992 76.592
93.772614 76.694
94.452133 76.822
95.136566 76.838
95.825966 76.719
96.520363 76.642
97.219788 76.754
97.924286 76.907
98.633881 76.943
99.348625 76.902
100.068542 76.844
100.793686 76.792
101.524078 76.789
102.259766 76.792
103.000778 76.798
103.747162 76.908
104.498962 77.003
105.256203 76.937
106.018929 76.922
106.787186 77.070
107.561012 77.162
108.340446 77.188
109.125526 77.281
109.916290 77.389
110.712791 77.487
111.515060 77.589
112.323143 77.643
113.137085 77.649
113.956924 77.672
114.782700 77.756
115.614464 77.842
116.452255 77.867
117.296112 77.868
118.146095 77.846
119.002228 77.834
119.864563 77.900
120.733154 77.973
121.608040 77.987
122.489258 77.985
123.376869 78.027
124.270905 78.111
125.171425 78.168
126.078468 78.128
126.992081 78.176
127.912323 78.222
128.839233 78.043
129.772842 78.182
130.713242 78.287
131.660431 78.186
132.614502 78.405
133.575485 78.338
134.543427 78.282
135.518387 78.287
136.500412 78.202
137.489548 78.353
138.485855 78.372
139.489380 78.376
140.500168 78.386
141.518295 78.453
142.543793 78.413
143.576721 78.521
144.617142 78.695
145.665100 78.509
146.720642 78.471
147.783844 78.539
148.854752 78.456
149.933411 78.502
151.019897 78.472
152.114243 78.481
153.216522 78.507
154.326797 78.523
155.445114 78.527
156.571533 78.560
157.706116 78.548
158.848923 78.518
160.000000 78.552
161.159424 78.571
162.327255 78.598
163.503540 78.625
164.688354 78.635
165.881760 78.669
167.083801 78.655
168.294571 78.646
169.514099 78.665
170.742462 78.672
171.979736 78.684
173.225967 78.709
174.481232 78.743
175.745605 78.723
177.019119 78.742
178.301880 78.723
179.593933 78.749
180.895340 78.739
182.206177 78.700
183.526520 78.667
184.856430 78.631
186.195984 78.631
187.545227 78.571
188.904266 78.563
190.273132 78.544
191.651932 78.543
193.040726 78.558
194.439575 78.466
195.848572 78.457
197.267761 78.457
198.697250 78.460
200.137085 78.469
201.587372 78.470
203.048157 78.471
204.519531 78.450
206.001556 78.492
207.494324 78.528
208.997925 78.483
210.512405 78.519
212.037857 78.493
213.574371 78.538
215.122025 78.520
216.680893 78.540
218.251053 78.568
219.832581 78.573
221.425583 78.621
223.030121 78.679
224.646286 78.815
226.274170 78.846
227.913849 78.986
229.565399 79.014
231.228928 79.102
232.904510 79.109
234.592224 79.143
236.292191 79.176
238.004456 79.162
239.729126 79.195
241.466309 79.152
243.216080 79.167
244.978516 79.139
246.753738 79.135
248.541809 79.152
250.342850 79.121
252.156937 79.143
253.984161 79.089
255.824646 79.094
257.678467 79.065
259.545685 79.109
261.426483 79.089
263.320862 79.076
265.229004 79.104
267.150970 79.081
269.086853 79.088
271.036774 79.080
273.000824 79.062
274.979095 79.078
276.971710 79.079
278.978760 79.068
281.000336 79.054
283.036591 79.067
285.087585 79.089
287.153442 79.070
289.234283 79.036
291.330200 79.031
293.441284 79.024
295.567688 79.048
297.709503 79.069
299.866821 79.054
302.039795 79.061
304.228485 79.026
306.433044 79.017
308.653595 78.994
310.890228 79.010
313.143066 79.029
315.412231 79.053
317.697845 78.995
320.000000 79.024
322.318848 79.022
324.654510 78.996
327.007080 79.025
329.376709 78.991
331.763519 79.023
334.167603 79.017
336.589142 78.971
339.028198 78.987
341.484924 78.996
343.959473 79.017
346.451935 78.981
348.962463 78.997
351.491211 78.994
354.038239 78.984
356.603760 79.016
359.187866 78.978
361.790680 79.014
364.412354 79.019
367.053040 78.989
369.712860 78.989
372.391968 79.002
375.090454 79.018
377.808533 78.993
380.546265 78.954
383.303864 78.964
386.081451 78.967
388.879150 78.983
391.697144 78.959
394.535522 78.947
397.394501 78.957
400.274170 78.961
403.174744 78.975
406.096313 78.978
409.039062 78.936
412.003113 78.943
414.988647 78.944
417.995850 78.986
421.024811 78.965
424.075714 78.945
427.148743 78.965
430.244049 78.951
433.361786 78.958
436.502106 78.974
439.665161 78.948
442.851166 78.904
446.060242 78.920
449.292572 78.899
452.548340 78.915
455.827698 78.910
459.130798 78.873
462.457855 78.876
465.809021 78.887
469.184448 78.876
472.584381 78.902
476.008911 78.915
479.458252 78.891
482.932617 78.892
486.432159 78.885
489.957031 78.924
493.507477 78.856
497.083618 78.867
500.685699 78.876
504.313873 78.879
507.968323 78.875
511.649292 78.870
515.356934 78.862
519.091370 78.860
522.852966 78.866
526.641724 78.823
530.458008 78.873
534.301941 78.825
538.173706 78.831
542.073547 78.844
546.001648 78.851
549.958191 78.852
553.943420 78.846
557.957520 78.864
562.000671 78.823
566.073181 78.843
570.175171 78.814
574.306885 78.839
578.468567 78.841
582.660400 78.807
586.882568 78.843
591.135376 78.816
595.419006 78.825
599.733643 78.862
604.079590 78.814
608.456970 78.853
612.866089 78.805
617.307190 78.889
621.780457 78.822
626.286133 78.806
630.824463 78.857
635.395691 78.829
640.000000 78.846
644.637695 78.854
649.309021 78.865
654.014160 78.812
658.753418 78.808
663.527039 78.836
668.335205 78.790
673.178284 78.793
678.056396 78.815
682.969849 78.830
687.918945 78.827
692.903870 78.805
697.924927 78.840
702.982422 78.853
708.076477 78.866
713.207520 78.869
718.375732 78.880
723.581360 78.855
728.824707 78.878
734.106079 78.909
739.425720 78.909
744.783936 78.909
750.180908 78.945
755.617065 78.960
761.092529 78.886
766.607727 78.940
772.162903 78.939
777.758301 78.962
783.394287 78.967
789.071045 78.983
794.789001 78.985
800.548340 79.015
806.349487 79.063
812.192627 79.062
818.078125 79.015
824.006226 79.114
829.977295 79.080
835.991699 79.096
842.049622 79.087
848.151428 79.111
854.297485 79.138
860.488098 79.163
866.723572 79.259
873.004211 79.219
879.330322 79.247
885.702332 79.257
892.120483 79.221
898.585144 79.262
905.096680 79.319
911.655396 79.313
918.261597 79.395
924.915710 79.449
931.618042 79.502
938.368896 79.549
945.168762 79.564
952.017822 79.585
958.916504 79.656
965.865234 79.636
972.864319 79.653
979.914062 79.749
987.014954 79.762
994.167236 79.820
1001.371399 79.849
1008.627747 79.869
1015.936646 79.883
1023.298584 79.942
1030.713867 79.971
1038.182739 80.075
1045.705933 80.038
1053.283447 80.116
1060.916016 80.119
1068.603882 80.190
1076.347412 80.228
1084.147095 80.326
1092.003296 80.318
1099.916382 80.410
1107.886841 80.469
1115.915039 80.501
1124.001343 80.610
1132.146362 80.664
1140.350342 80.703
1148.613770 80.781
1156.937134 80.812
1165.320801 80.824
1173.765137 80.938
1182.270752 80.959
1190.838013 81.008
1199.467285 81.055
1208.159180 81.055
1216.913940 81.099
1225.732178 81.118
1234.614380 81.183
1243.560913 81.194
1252.572266 81.243
1261.648926 81.276
1270.791382 81.312
1280.000000 81.326
1289.275391 81.389
1298.618042 81.404
1308.028320 81.460
1317.506836 81.511
1327.054077 81.532
1336.670410 81.535
1346.356567 81.542
1356.112793 81.588
1365.939697 81.636
1375.837891 81.650
1385.807739 81.696
1395.849854 81.729
1405.964844 81.776
1416.152954 81.756
1426.415039 81.825
1436.751465 81.856
1447.162720 81.846
1457.649414 81.913
1468.212158 81.958
1478.851440 82.001
1489.567871 82.025
1500.361816 82.038
1511.234131 82.066
1522.185059 82.103
1533.215454 82.120
1544.325806 82.148
1555.516602 82.175
1566.788574 82.224
1578.142090 82.268
1589.578003 82.294
1601.096680 82.306
1612.698975 82.361
1624.385254 82.397
1636.156250 82.442
1648.012451 82.451
1659.954590 82.494
1671.983398 82.546
1684.099243 82.604
1696.302856 82.599
1708.594971 82.642
1720.976196 82.696
1733.447144 82.706
1746.008423 82.764
1758.660645 82.833
1771.404663 82.869
1784.240967 82.911
1797.170288 82.939
1810.193359 82.989
1823.310791 83.017
1836.523193 83.101
1849.831421 83.135
1863.236084 83.157
1876.737793 83.203
1890.337524 83.259
1904.035645 83.308
1917.833008 83.339
1931.730469 83.373
1945.728638 83.459
1959.828125 83.482
1974.029907 83.524
1988.334473 83.610
2002.742798 83.658
2017.255493 83.700
2031.873291 83.763
2046.597168 83.807
2061.427734 83.851
2076.365479 83.942
2091.411865 83.983
2106.566895 84.074
2121.832031 84.104
2137.207764 84.162
2152.694824 84.272
2168.294189 84.301
2184.006592 84.416
2199.832764 84.446
2215.773682 84.555
2231.830078 84.671
2248.002686 84.730
2264.292725 84.812
2280.700684 84.943
2297.227539 84.991
2313.874268 85.058
2330.641602 85.166
2347.530273 85.233
2364.541504 85.291
2381.676025 85.425
2398.934570 85.523
2416.318359 85.557
2433.827881 85.648
2451.464355 85.742
2469.228760 85.814
2487.121826 85.883
2505.144531 85.984
2523.297852 86.079
2541.582764 86.187
2560.000000 86.261
2578.550781 86.375
2597.236084 86.502
2616.056641 86.582
2635.013672 86.696
2654.108154 86.830
2673.340820 86.937
2692.713135 87.087
2712.225586 87.217
2731.879395 87.357
2751.675781 87.478
2771.615479 87.650
2791.699707 87.748
2811.929688 87.862
2832.305908 88.014
2852.830078 88.141
2873.502930 88.251
2894.325439 88.356
2915.298828 88.460
2936.424316 88.544
2957.702881 88.628
2979.135742 88.719
3000.723633 88.781
3022.468262 88.866
3044.370117 88.926
3066.430908 88.964
3088.651611 89.021
3111.033203 89.053
3133.577148 89.080
3156.284180 89.114
3179.156006 89.123
3202.193359 89.130
3225.397949 89.120
3248.770508 89.116
3272.312500 89.102
3296.024902 89.076
3319.909180 89.056
3343.966797 89.013
3368.198486 88.956
3392.605713 88.916
3417.189941 88.816
3441.952393 88.739
3466.894287 88.664
3492.016846 88.538
3517.321289 88.444
3542.809326 88.349
3568.481934 88.238
3594.340576 88.139
3620.386719 88.023
3646.621582 87.952
3673.046387 87.827
3699.662842 87.714
3726.472168 87.611
3753.475586 87.481
3780.675049 87.337
3808.071289 87.234
3835.666016 87.095
3863.460938 86.971
3891.457275 86.847
3919.656250 86.655
3948.059814 86.558
3976.668945 86.372
4005.485596 86.250
4034.510986 86.081
4063.746582 85.968
4093.194336 85.860
4122.855469 85.738
4152.730957 85.621
4182.823730 85.534
4213.133789 85.409
4243.664062 85.342
4274.415527 85.218
4305.389648 85.172
4336.588379 85.051
4368.013184 84.996
4399.665527 84.861
4431.547363 84.792
4463.660156 84.678
4496.005371 84.641
4528.585449 84.501
4561.401367 84.456
4594.455078 84.368
4627.748535 84.321
4661.283203 84.286
4695.060547 84.198
4729.083008 84.137
4763.352051 84.133
4797.869141 84.099
4832.636719 84.017
4867.655762 84.026
4902.928711 83.956
4938.457520 83.996
4974.243652 83.995
5010.289062 83.883
5046.595703 83.912
5083.165527 83.913
5120.000000 83.838
5157.101562 83.867
5194.472168 83.867
5232.113281 83.790
5270.027344 83.844
5308.216309 83.781
5346.681641 83.799
5385.426270 83.756
5424.451172 83.724
5463.758789 83.760
5503.351562 83.672
5543.230957 83.615
5583.399414 83.603
5623.859375 83.513
5664.611816 83.532
5705.660156 83.450
5747.005859 83.422
5788.650879 83.371
5830.597656 83.318
5872.848633 83.223
5915.405762 83.159
5958.271484 83.068
6001.447266 83.031
6044.936523 82.931
6088.740234 82.920
6132.861816 82.861
6177.303223 82.795
6222.066406 82.738
6267.154297 82.689
6312.568359 82.783
6358.312012 82.660
6404.386719 82.711
6450.795898 82.756
6497.541016 82.828
6544.625000 82.830
6592.049805 82.852
6639.818359 82.908
6687.933594 82.907
6736.396973 82.951
6785.211426 82.976
6834.379883 83.132
6883.904785 83.159
6933.788574 83.316
6984.033691 83.356
7034.642578 83.415
7085.618652 83.556
7136.963867 83.691
7188.681152 83.759
7240.773438 84.014
7293.243164 84.150
7346.092773 84.341
7399.325684 84.472
7452.944336 84.728
7506.951172 84.998
7561.350098 85.333
7616.142578 85.627
7671.332031 85.937
7726.921875 86.341
7782.914551 86.661
7839.312500 87.106
7896.119629 87.551
7953.337891 87.982
8010.971191 88.371
8069.021973 88.597
8127.493164 88.816
8186.388672 88.944
8245.710938 89.028
8305.461914 89.003
8365.647461 88.906
8426.267578 88.770
8487.328125 88.553
8548.831055 88.341
8610.779297 87.968
8673.176758 87.545
8736.026367 87.137
8799.331055 86.644
8863.094727 86.104
8927.320312 85.645
8992.010742 85.121
9057.170898 84.521
9122.802734 84.023
9188.910156 83.503
9255.497070 82.925
9322.566406 82.493
9390.121094 82.006
9458.166016 81.563
9526.704102 81.175
9595.738281 80.786
9665.273438 80.279
9735.311523 80.008
9805.857422 79.698
9876.915039 79.311
9948.487305 79.082
10020.578125 78.722
10093.191406 78.398
10166.331055 78.413
10240.000000 78.117
10314.203125 77.915
10388.944336 77.816
10464.226562 77.626
10540.054688 77.504
10616.432617 77.433
10693.363281 77.191
10770.852539 77.176
10848.902344 77.119
10927.517578 76.927
11006.703125 76.849
11086.461914 76.825
11166.798828 76.810
11247.718750 76.682
11329.223633 76.567
11411.320312 76.480
11494.011719 76.206
11577.301758 76.221
11661.195312 76.078
11745.697266 75.891
11830.811523 75.932
11916.542969 75.646
12002.894531 75.483
12089.873047 75.325
12177.480469 75.328
12265.723633 75.182
12354.606445 75.116
12444.132812 74.641
12534.308594 74.733
12625.136719 74.713
12716.624023 74.400
12808.773438 74.286
12901.591797 74.220
12995.082031 74.153
13089.250000 74.345
13184.099609 74.257
13279.636719 74.091
13375.867188 74.021
13472.793945 74.117
13570.422852 73.892
13668.759766 74.075
13767.809570 74.082
13867.577148 74.197
13968.067383 74.218
14069.285156 74.264
14171.237305 74.696
14273.927734 75.057
14377.362305 75.298
14481.546875 75.501
14586.486328 75.460
14692.185547 75.699
14798.651367 76.037
14905.888672 76.218
15013.902344 76.252
15122.700195 76.624
15232.285156 76.677
15342.664062 76.876
15453.843750 76.803
15565.829102 76.679
15678.625000 76.750
15792.239258 76.801
15906.675781 76.540
16021.942383 76.524
16138.043945 76.371
16254.986328 76.240
16372.777344 75.996
16491.421875 75.633
16610.923828 75.148
16731.294922 74.863
16852.535156 74.182
16974.656250 73.677
17097.662109 73.202
17221.558594 72.397
17346.353516 72.548
17472.052734 71.856
17598.662109 71.882
17726.189453 71.961
17854.640625 71.920
17984.021484 72.642
18114.341797 73.036
18245.605469 73.557
18377.820312 73.772
18510.994141 73.337
18645.132812 72.423
18780.242188 71.191
18916.332031 69.307
19053.408203 68.830
19191.476562 68.553
19330.546875 69.251
19470.623047 69.879
19611.714844 67.953
19753.830078 67.023
19896.974609 64.484
