20.000000 89.656
20.144928 89.636
20.290907 89.614
20.437943 89.592
20.586044 89.569
20.735220 89.544
20.885475 89.519
21.036821 89.492
21.189262 89.465
21.342808 89.436
21.497467 89.407
21.653246 89.378
21.810154 89.349
21.968201 89.322
22.127390 89.296
22.287735 89.272
22.449242 89.250
22.611917 89.230
22.775772 89.211
22.940815 89.192
23.107054 89.175
23.274498 89.157
23.443153 89.138
23.613033 89.119
23.784142 89.099
23.956491 89.077
24.130091 89.053
24.304947 89.028
24.481071 89.003
24.658470 88.976
24.837156 88.950
25.017136 88.923
25.198421 88.897
25.381020 88.871
25.564941 88.846
25.750195 88.821
25.936790 88.795
26.124741 88.769
26.314051 88.742
26.504732 88.714
26.696796 88.686
26.890253 88.657
27.085112 88.627
27.281382 88.597
27.479073 88.565
27.678198 88.533
27.878765 88.500
28.080786 88.466
28.284271 88.432
28.489231 88.397
28.695675 88.363
28.903616 88.329
29.113064 88.296
29.324028 88.264
29.536524 88.233
29.750557 88.202
29.966141 88.172
30.183289 88.143
30.402010 88.114
30.622314 88.085
30.844217 88.056
31.067726 88.028
31.292856 88.000
31.519617 87.973
31.748020 87.947
31.978081 87.922
32.209808 87.897
32.443211 87.872
32.678310 87.846
32.915108 87.819
33.153625 87.790
33.393871 87.757
33.635857 87.720
33.879597 87.678
34.125103 87.630
34.372387 87.578
34.621464 87.523
34.872345 87.469
35.125042 87.419
35.379574 87.376
35.635948 87.341
35.894180 87.312
36.154285 87.286
36.416275 87.255
36.680161 87.215
36.945961 87.163
37.213688 87.098
37.483353 87.026
37.754974 86.955
38.028561 86.894
38.304131 86.850
38.581699 86.825
38.861279 86.812
39.142883 86.801
39.426529 86.782
39.712231 86.748
40.000000 86.700
40.289856 86.647
40.581814 86.603
40.875885 86.582
41.172089 86.587
41.470440 86.610
41.770950 86.632
42.073643 86.632
42.378525 86.595
42.685616 86.517
42.994934 86.414
43.306492 86.312
43.620308 86.239
43.936401 86.211
44.254780 86.224
44.575470 86.254
44.898483 86.279
45.223835 86.280
45.551544 86.256
45.881630 86.215
46.214108 86.167
46.548996 86.120
46.886307 86.071
47.226067 86.016
47.568283 85.956
47.912983 85.901
48.260181 85.859
48.609894 85.832
48.962143 85.810
49.316940 85.779
49.674313 85.731
50.034271 85.674
50.396843 85.626
50.762039 85.598
51.129883 85.590
51.500389 85.580
51.873581 85.547
52.249481 85.484
52.628101 85.408
53.009464 85.341
53.393593 85.298
53.780506 85.277
54.170223 85.260
54.562763 85.236
54.958145 85.207
55.356396 85.178
55.757530 85.146
56.161572 85.101
56.568542 85.036
56.978462 84.960
57.391350 84.900
57.807232 84.873
58.226128 84.869
58.648056 84.855
59.073048 84.802
59.501114 84.715
59.932281 84.631
60.366577 84.592
60.804020 84.605
61.244629 84.638
61.688435 84.643
62.135452 84.598
62.585712 84.518
63.039234 84.445
63.496040 84.410
63.956161 84.410
64.419617 84.407
64.886421 84.378
65.356621 84.307
65.830215 84.221
66.307251 84.149
66.787743 84.103
67.271713 84.074
67.759193 84.052
68.250206 84.036
68.744774 84.025
69.242928 84.003
69.744690 83.952
70.250084 83.870
70.759148 83.777
71.271896 83.700
71.788361 83.647
72.308571 83.603
72.832550 83.557
73.360321 83.513
73.891922 83.485
74.427376 83.465
74.966705 83.423
75.509949 83.342
76.057121 83.251
76.608261 83.209
77.163399 83.236
77.722557 83.284
78.285767 83.301
78.853058 83.284
79.424461 83.271
80.000000 83.280
80.579712 83.296
81.163628 83.309
81.751770 83.322
82.344177 83.339
82.940880 83.355
83.541901 83.362
84.147285 83.350
84.757050 83.307
85.371231 83.234
85.989868 83.153
86.612984 83.087
87.240616 83.035
87.872803 82.988
88.509560 82.943
89.150940 82.906
89.796967 82.878
90.447670 82.858
91.103088 82.839
91.763260 82.811
92.428215 82.771
93.097992 82.725
93.772614 82.681
94.452133 82.644
95.136566 82.614
95.825966 82.586
96.520363 82.555
97.219788 82.517
97.924286 82.476
98.633881 82.433
99.348625 82.388
100.068542 82.346
100.793686 82.315
101.524078 82.288
102.259766 82.255
103.000778 82.217
103.747162 82.180
104.498962 82.144
105.256203 82.108
106.018929 82.071
106.787186 82.034
107.561012 82.002
108.340446 81.975
109.125526 81.952
109.916290 81.926
110.712791 81.899
111.515060 81.867
112.323143 81.831
113.137085 81.796
113.956924 81.767
114.782700 81.744
115.614464 81.720
116.452255 81.690
117.296112 81.656
118.146095 81.625
119.002228 81.593
119.864563 81.557
120.733154 81.521
121.608040 81.489
122.489258 81.458
123.376869 81.428
124.270905 81.401
125.171425 81.373
126.078468 81.343
126.992081 81.318
127.912323 81.295
128.839233 81.268
129.772842 81.235
130.713242 81.201
131.660431 81.169
132.614502 81.141
133.575485 81.116
134.543427 81.093
135.518387 81.073
136.500412 81.055
137.489548 81.040
138.485855 81.020
139.489380 80.993
140.500168 80.968
141.518295 80.943
142.543793 80.913
143.576721 80.885
144.617142 80.871
145.665100 80.863
146.720642 80.852
147.783844 80.836
148.854752 80.818
149.933411 80.797
151.019897 80.773
152.114243 80.748
153.216522 80.720
154.326797 80.690
155.445114 80.664
156.571533 80.643
157.706116 80.623
158.848923 80.605
160.000000 80.594
161.159424 80.585
162.327255 80.572
163.503540 80.554
164.688354 80.534
165.881760 80.514
167.083801 80.492
168.294571 80.475
169.514099 80.463
170.742462 80.455
171.979736 80.448
173.225967 80.438
174.481232 80.421
175.745605 80.397
177.019119 80.373
178.301880 80.349
179.593933 80.322
180.895340 80.291
182.206177 80.255
183.526520 80.211
184.856430 80.161
186.195984 80.109
187.545227 80.063
188.904266 80.024
190.273132 79.993
191.651932 79.966
193.040726 79.942
194.439575 79.921
195.848572 79.898
197.267761 79.874
198.697250 79.852
200.137085 79.834
201.587372 79.822
203.048157 79.813
204.519531 79.808
206.001556 79.804
207.494324 79.797
208.997925 79.789
210.512405 79.783
212.037857 79.775
213.574371 79.764
215.122025 79.747
216.680893 79.725
218.251053 79.704
219.832581 79.688
221.425583 79.678
223.030121 79.669
224.646286 79.659
226.274170 79.648
227.913849 79.638
229.565399 79.628
231.228928 79.615
232.904510 79.600
234.592224 79.586
236.292191 79.572
238.004456 79.554
239.729126 79.532
241.466309 79.510
243.216080 79.493
244.978516 79.478
246.753738 79.464
248.541809 79.450
250.342850 79.438
252.156937 79.426
253.984161 79.411
255.824646 79.394
257.678467 79.377
259.545685 79.360
261.426483 79.346
263.320862 79.335
265.229004 79.322
267.150970 79.309
269.086853 79.297
271.036774 79.288
273.000824 79.279
274.979095 79.267
276.971710 79.254
278.978760 79.240
281.000336 79.227
283.036591 79.215
285.087585 79.206
287.153442 79.195
289.234283 79.184
291.330200 79.175
293.441284 79.167
295.567688 79.159
297.709503 79.149
299.866821 79.132
302.039795 79.112
304.228485 79.097
306.433044 79.089
308.653595 79.083
310.890228 79.078
313.143066 79.070
315.412231 79.060
317.697845 79.047
320.000000 79.034
322.318848 79.024
324.654510 79.014
327.007080 79.002
329.376709 78.990
331.763519 78.976
334.167603 78.962
336.589142 78.948
339.028198 78.938
341.484924 78.930
343.959473 78.922
346.451935 78.911
348.962463 78.901
351.491211 78.890
354.038239 78.878
356.603760 78.865
359.187866 78.857
361.790680 78.853
364.412354 78.848
367.053040 78.841
369.712860 78.831
372.391968 78.818
375.090454 78.805
377.808533 78.792
380.546265 78.780
383.303864 78.768
386.081451 78.758
388.879150 78.754
391.697144 78.750
394.535522 78.741
397.394501 78.728
400.274170 78.715
403.174744 78.706
406.096313 78.702
409.039062 78.697
412.003113 78.691
414.988647 78.686
417.995850 78.681
421.024811 78.676
424.075714 78.673
427.148743 78.672
430.244049 78.669
433.361786 78.659
436.502106 78.645
439.665161 78.633
442.851166 78.619
446.060242 78.604
449.292572 78.595
452.548340 78.588
455.827698 78.581
459.130798 78.576
462.457855 78.570
465.809021 78.567
469.184448 78.564
472.584381 78.560
476.008911 78.552
479.458252 78.544
482.932617 78.540
486.432159 78.541
489.957031 78.542
493.507477 78.540
497.083618 78.533
500.685699 78.523
504.313873 78.510
507.968323 78.499
511.649292 78.497
515.356934 78.496
519.091370 78.485
522.852966 78.474
526.641724 78.470
530.458008 78.467
534.301941 78.458
538.173706 78.444
542.073547 78.433
546.001648 78.428
549.958191 78.424
553.943420 78.414
557.957520 78.403
562.000671 78.399
566.073181 78.397
570.175171 78.391
574.306885 78.377
578.468567 78.363
582.660400 78.356
586.882568 78.353
591.135376 78.351
595.419006 78.351
599.733643 78.350
604.079590 78.343
608.456970 78.337
612.866089 78.336
617.307190 78.336
621.780457 78.333
626.286133 78.328
630.824463 78.325
635.395691 78.327
640.000000 78.331
644.637695 78.330
649.309021 78.324
654.014160 78.320
658.753418 78.323
663.527039 78.327
668.335205 78.325
673.178284 78.321
678.056396 78.320
682.969849 78.324
687.918945 78.328
692.903870 78.328
697.924927 78.322
702.982422 78.318
708.076477 78.319
713.207520 78.322
718.375732 78.330
723.581360 78.340
728.824707 78.344
734.106079 78.342
739.425720 78.344
744.783936 78.351
750.180908 78.358
755.617065 78.363
761.092529 78.369
766.607727 78.376
772.162903 78.388
777.758301 78.401
783.394287 78.416
789.071045 78.431
794.789001 78.448
800.548340 78.462
806.349487 78.473
812.192627 78.486
818.078125 78.495
824.006226 78.502
829.977295 78.513
835.991699 78.527
842.049622 78.542
848.151428 78.561
854.297485 78.584
860.488098 78.607
866.723572 78.630
873.004211 78.650
879.330322 78.664
885.702332 78.677
892.120483 78.693
898.585144 78.711
905.096680 78.731
911.655396 78.758
918.261597 78.786
924.915710 78.817
931.618042 78.855
938.368896 78.895
945.168762 78.933
952.017822 78.971
958.916504 79.006
965.865234 79.041
972.864319 79.076
979.914062 79.110
987.014954 79.144
994.167236 79.175
1001.371399 79.202
1008.627747 79.224
1015.936646 79.247
1023.298584 79.273
1030.713867 79.302
1038.182739 79.331
1045.705933 79.361
1053.283447 79.390
1060.916016 79.423
1068.603882 79.462
1076.347412 79.505
1084.147095 79.551
1092.003296 79.598
1099.916382 79.650
1107.886841 79.710
1115.915039 79.773
1124.001343 79.832
1132.146362 79.886
1140.350342 79.935
1148.613770 79.984
1156.937134 80.029
1165.320801 80.068
1173.765137 80.104
1182.270752 80.136
1190.838013 80.162
1199.467285 80.186
1208.159180 80.214
1216.913940 80.244
1225.732178 80.271
1234.614380 80.293
1243.560913 80.314
1252.572266 80.335
1261.648926 80.360
1270.791382 80.385
1280.000000 80.410
1289.275391 80.435
1298.618042 80.461
1308.028320 80.484
1317.506836 80.506
1327.054077 80.529
1336.670410 80.551
1346.356567 80.571
1356.112793 80.589
1365.939697 80.604
1375.837891 80.623
1385.807739 80.645
1395.849854 80.667
1405.964844 80.690
1416.152954 80.713
1426.415039 80.736
1436.751465 80.759
1447.162720 80.788
1457.649414 80.821
1468.212158 80.861
1478.851440 80.908
1489.567871 80.963
1500.361816 81.019
1511.234131 81.074
1522.185059 81.126
1533.215454 81.172
1544.325806 81.211
1555.516602 81.245
1566.788574 81.276
1578.142090 81.302
1589.578003 81.329
1601.096680 81.359
1612.698975 81.390
1624.385254 81.418
1636.156250 81.446
1648.012451 81.476
1659.954590 81.510
1671.983398 81.542
1684.099243 81.570
1696.302856 81.597
1708.594971 81.627
1720.976196 81.662
1733.447144 81.700
1746.008423 81.738
1758.660645 81.774
1771.404663 81.810
1784.240967 81.848
1797.170288 81.894
1810.193359 81.948
1823.310791 82.007
1836.523193 82.068
1849.831421 82.129
1863.236084 82.188
1876.737793 82.248
1890.337524 82.306
1904.035645 82.358
1917.833008 82.406
1931.730469 82.453
1945.728638 82.501
1959.828125 82.549
1974.029907 82.598
1988.334473 82.647
2002.742798 82.695
2017.255493 82.741
2031.873291 82.787
2046.597168 82.834
2061.427734 82.883
2076.365479 82.934
2091.411865 82.985
2106.566895 83.037
2121.832031 83.089
2137.207764 83.143
2152.694824 83.193
2168.294189 83.243
2184.006592 83.292
2199.832764 83.342
2215.773682 83.393
2231.830078 83.446
2248.002686 83.502
2264.292725 83.558
2280.700684 83.615
2297.227539 83.676
2313.874268 83.746
2330.641602 83.833
2347.530273 83.943
2364.541504 84.082
2381.676025 84.253
2398.934570 84.456
2416.318359 84.683
2433.827881 84.924
2451.464355 85.162
2469.228760 85.383
2487.121826 85.580
2505.144531 85.750
2523.297852 85.898
2541.582764 86.029
2560.000000 86.151
2578.550781 86.265
2597.236084 86.374
2616.056641 86.481
2635.013672 86.590
2654.108154 86.698
2673.340820 86.804
2692.713135 86.908
2712.225586 87.010
2731.879395 87.113
2751.675781 87.219
2771.615479 87.327
2791.699707 87.434
2811.929688 87.538
2832.305908 87.640
2852.830078 87.742
2873.502930 87.843
2894.325439 87.944
2915.298828 88.041
2936.424316 88.133
2957.702881 88.219
2979.135742 88.301
3000.723633 88.374
3022.468262 88.440
3044.370117 88.497
3066.430908 88.546
3088.651611 88.587
3111.033203 88.619
3133.577148 88.640
3156.284180 88.647
3179.156006 88.637
3202.193359 88.611
3225.397949 88.570
3248.770508 88.514
3272.312500 88.444
3296.024902 88.363
3319.909180 88.273
3343.966797 88.172
3368.198486 88.061
3392.605713 87.938
3417.189941 87.802
3441.952393 87.653
3466.894287 87.495
3492.016846 87.329
3517.321289 87.160
3542.809326 86.994
3568.481934 86.834
3594.340576 86.682
3620.386719 86.542
3646.621582 86.414
3673.046387 86.295
3699.662842 86.180
3726.472168 86.067
3753.475586 85.954
3780.675049 85.840
3808.071289 85.728
3835.666016 85.617
3863.460938 85.504
3891.457275 85.384
3919.656250 85.258
3948.059814 85.126
3976.668945 84.990
4005.485596 84.857
4034.510986 84.728
4063.746582 84.601
4093.194336 84.477
4122.855469 84.358
4152.730957 84.248
4182.823730 84.142
4213.133789 84.041
4243.664062 83.945
4274.415527 83.851
4305.389648 83.756
4336.588379 83.666
4368.013184 83.581
4399.665527 83.500
4431.547363 83.425
4463.660156 83.356
4496.005371 83.294
4528.585449 83.241
4561.401367 83.193
4594.455078 83.150
4627.748535 83.113
4661.283203 83.087
4695.060547 83.072
4729.083008 83.067
4763.352051 83.070
4797.869141 83.081
4832.636719 83.102
4867.655762 83.131
4902.928711 83.169
4938.457520 83.215
4974.243652 83.266
5010.289062 83.320
5046.595703 83.378
5083.165527 83.439
5120.000000 83.502
5157.101562 83.565
5194.472168 83.627
5232.113281 83.687
5270.027344 83.747
5308.216309 83.810
5346.681641 83.873
5385.426270 83.935
5424.451172 83.999
5463.758789 84.065
5503.351562 84.131
5543.230957 84.193
5583.399414 84.250
5623.859375 84.307
5664.611816 84.364
5705.660156 84.422
5747.005859 84.480
5788.650879 84.537
5830.597656 84.590
5872.848633 84.642
5915.405762 84.697
5958.271484 84.755
6001.447266 84.817
6044.936523 84.885
6088.740234 84.957
6132.861816 85.036
6177.303223 85.122
6222.066406 85.219
6267.154297 85.327
6312.568359 85.447
6358.312012 85.580
6404.386719 85.726
6450.795898 85.885
6497.541016 86.056
6544.625000 86.238
6592.049805 86.429
6639.818359 86.633
6687.933594 86.850
6736.396973 87.078
6785.211426 87.312
6834.379883 87.549
6883.904785 87.788
6933.788574 88.021
6984.033691 88.239
7034.642578 88.436
7085.618652 88.602
7136.963867 88.725
7188.681152 88.797
7240.773438 88.807
7293.243164 88.753
7346.092773 88.632
7399.325684 88.440
7452.944336 88.182
7506.951172 87.870
7561.350098 87.518
7616.142578 87.132
7671.332031 86.720
7726.921875 86.294
7782.914551 85.865
7839.312500 85.431
7896.119629 84.996
7953.337891 84.573
8010.971191 84.157
8069.021973 83.735
8127.493164 83.304
8186.388672 82.872
8245.710938 82.439
8305.461914 81.999
8365.647461 81.559
8426.267578 81.127
8487.328125 80.710
8548.831055 80.309
8610.779297 79.918
8673.176758 79.538
8736.026367 79.181
8799.331055 78.851
8863.094727 78.540
8927.320312 78.241
8992.010742 77.958
9057.170898 77.698
9122.802734 77.456
9188.910156 77.230
9255.497070 77.020
9322.566406 76.830
9390.121094 76.660
9458.166016 76.508
9526.704102 76.374
9595.738281 76.262
9665.273438 76.167
9735.311523 76.094
9805.857422 76.048
9876.915039 76.023
9948.487305 76.017
10020.578125 76.035
10093.191406 76.075
10166.331055 76.142
10240.000000 76.233
10314.203125 76.346
10388.944336 76.483
10464.226562 76.650
10540.054688 76.848
10616.432617 77.070
10693.363281 77.311
10770.852539 77.572
10848.902344 77.854
10927.517578 78.151
11006.703125 78.457
11086.461914 78.771
11166.798828 79.084
11247.718750 79.389
11329.223633 79.677
11411.320312 79.934
11494.011719 80.150
11577.301758 80.319
11661.195312 80.442
11745.697266 80.515
11830.811523 80.543
11916.542969 80.533
12002.894531 80.493
12089.873047 80.427
12177.480469 80.338
12265.723633 80.233
12354.606445 80.117
12444.132812 79.993
12534.308594 79.857
12625.136719 79.702
12716.624023 79.532
12808.773438 79.341
12901.591797 79.126
12995.082031 78.884
13089.250000 78.618
13184.099609 78.330
13279.636719 78.022
13375.867188 77.705
13472.793945 77.385
13570.422852 77.069
13668.759766 76.771
13767.809570 76.498
13867.577148 76.257
13968.067383 76.077
14069.285156 75.993
14171.237305 75.999
14273.927734 76.053
14377.362305 76.120
14481.546875 76.164
14586.486328 76.162
14692.185547 76.127
14798.651367 76.089
14905.888672 76.068
15013.902344 76.063
15122.700195 76.077
15232.285156 76.120
15342.664062 76.202
15453.843750 76.327
15565.829102 76.491
15678.625000 76.674
15792.239258 76.842
15906.675781 76.961
16021.942383 77.007
16138.043945 76.926
16254.986328 76.647
16372.777344 76.118
16491.421875 75.329
16610.923828 74.301
16731.294922 73.079
16852.535156 71.715
16974.656250 70.258
17097.662109 68.779
17221.558594 67.442
17346.353516 66.601
17472.052734 66.543
17598.662109 66.842
17726.189453 66.785
17854.640625 66.126
17984.021484 65.061
18114.341797 63.886
18245.605469 62.813
18377.820312 61.909
18510.994141 61.134
18645.132812 60.436
18780.242188 59.780
18916.332031 59.103
19053.408203 58.402
19191.476562 57.689
19330.546875 56.916
19470.623047 56.124
19611.714844 55.430
19753.830078 54.886
19896.974609 54.444
