20.000000 64.910
20.144928 65.118
20.290907 65.311
20.437943 65.493
20.586044 65.654
20.735220 65.792
20.885475 65.909
21.036821 66.002
21.189262 66.080
21.342808 66.144
21.497467 66.201
21.653246 66.263
21.810154 66.331
21.968201 66.420
22.127390 66.528
22.287735 66.658
22.449242 66.811
22.611917 66.975
22.775772 67.153
22.940815 67.324
23.107054 67.488
23.274498 67.630
23.443153 67.749
23.613033 67.838
23.784142 67.896
23.956491 67.928
24.130091 67.933
24.304947 67.926
24.481071 67.906
24.658470 67.891
24.837156 67.882
25.017136 67.887
25.198421 67.907
25.381020 67.942
25.564941 67.988
25.750195 68.043
25.936790 68.106
26.124741 68.175
26.314051 68.257
26.504732 68.352
26.696796 68.469
26.890253 68.605
27.085112 68.760
27.281382 68.923
27.479073 69.086
27.678198 69.228
27.878765 69.345
28.080786 69.419
28.284271 69.454
28.489231 69.447
28.695675 69.418
28.903616 69.378
29.113064 69.356
29.324028 69.367
29.536524 69.424
29.750557 69.524
29.966141 69.654
30.183289 69.794
30.402010 69.918
30.622314 70.016
30.844217 70.073
31.067726 70.096
31.292856 70.091
31.519617 70.074
31.748020 70.062
31.978081 70.064
32.209808 70.087
32.443211 70.129
32.678310 70.187
32.915108 70.257
33.153625 70.338
33.393871 70.430
33.635857 70.534
33.879597 70.648
34.125103 70.761
34.372387 70.862
34.621464 70.937
34.872345 70.974
35.125042 70.979
35.379574 70.963
35.635948 70.947
35.894180 70.966
36.154285 71.036
36.416275 71.155
36.680161 71.312
36.945961 71.472
37.213688 71.606
37.483353 71.704
37.754974 71.771
38.028561 71.826
38.304131 71.902
38.581699 72.020
38.861279 72.179
39.142883 72.357
39.426529 72.522
39.712231 72.640
40.000000 72.692
40.289856 72.679
40.581814 72.623
40.875885 72.558
41.172089 72.517
41.470440 72.521
41.770950 72.573
42.073643 72.657
42.378525 72.745
42.685616 72.816
42.994934 72.862
43.306492 72.890
43.620308 72.915
43.936401 72.953
44.254780 73.014
44.575470 73.092
44.898483 73.174
45.223835 73.241
45.551544 73.282
45.881630 73.298
46.214108 73.301
46.548996 73.305
46.886307 73.324
47.226067 73.358
47.568283 73.402
47.912983 73.447
48.260181 73.488
48.609894 73.528
48.962143 73.571
49.316940 73.624
49.674313 73.690
50.034271 73.770
50.396843 73.860
50.762039 73.949
51.129883 74.024
51.500389 74.071
51.873581 74.091
52.249481 74.100
52.628101 74.124
53.009464 74.181
53.393593 74.267
53.780506 74.354
54.170223 74.417
54.562763 74.447
54.958145 74.460
55.356396 74.483
55.757530 74.534
56.161572 74.602
56.568542 74.657
56.978462 74.672
57.391350 74.640
57.807232 74.591
58.226128 74.579
58.648056 74.635
59.073048 74.728
59.501114 74.774
59.932281 74.706
60.366577 74.544
60.804020 74.418
61.244629 74.477
61.688435 74.730
62.135452 75.033
62.585712 75.232
63.039234 75.285
63.496040 75.255
63.956161 75.222
64.419617 75.207
64.886421 75.186
65.356621 75.153
65.830215 75.145
66.307251 75.187
66.787743 75.257
67.271713 75.319
67.759193 75.372
68.250206 75.419
68.744774 75.436
69.242928 75.405
69.744690 75.373
70.250084 75.415
70.759148 75.540
71.271896 75.652
71.788361 75.655
72.308571 75.572
72.832550 75.528
73.360321 75.584
73.891922 75.668
74.427376 75.670
74.966705 75.613
75.509949 75.640
76.057121 75.797
76.608261 75.965
77.163399 76.035
77.722557 76.038
78.285767 76.043
78.853058 76.024
79.424461 75.969
80.000000 75.980
80.579712 76.107
81.163628 76.190
81.751770 76.095
82.344177 75.959
82.940880 75.991
83.541901 76.127
84.147285 76.189
84.757050 76.180
85.371231 76.197
85.989868 76.217
86.612984 76.229
87.240616 76.302
87.872803 76.382
88.509560 76.305
89.150940 76.128
89.796967 76.106
90.447670 76.198
91.103088 76.125
91.763260 75.984
92.428215 76.114
93.097992 76.341
93.772614 76.272
94.452133 76.093
95.136566 76.237
95.825966 76.477
96.520363 76.464
97.219788 76.457
97.924286 76.692
98.633881 76.847
99.348625 76.803
100.068542 76.885
100.793686 77.090
101.524078 77.108
102.259766 77.033
103.000778 77.119
103.747162 77.239
104.498962 77.251
105.256203 77.265
106.018929 77.312
106.787186 77.311
107.561012 77.274
108.340446 77.262
109.125526 77.266
109.916290 77.225
110.712791 77.229
111.515060 77.359
112.323143 77.415
113.137085 77.341
113.956924 77.308
114.782700 77.296
115.614464 77.293
116.452255 77.340
117.296112 77.324
118.146095 77.301
119.002228 77.393
119.864563 77.470
120.733154 77.446
121.608040 77.424
122.489258 77.421
123.376869 77.416
124.270905 77.427
125.171425 77.437
126.078468 77.531
126.992081 77.590
127.912323 77.550
128.839233 77.602
129.772842 77.639
130.713242 77.615
131.660431 77.621
132.614502 77.603
133.575485 77.613
134.543427 77.665
135.518387 77.668
136.500412 77.619
137.489548 77.625
138.485855 77.660
139.489380 77.694
140.500168 77.676
141.518295 77.630
142.543793 77.783
143.576721 77.723
144.617142 77.686
145.665100 77.803
146.720642 77.724
147.783844 77.726
148.854752 77.734
149.933411 77.769
151.019897 77.748
152.114243 77.736
153.216522 77.766
154.326797 77.775
155.445114 77.730
156.571533 77.753
157.706116 77.804
158.848923 77.794
160.000000 77.804
161.159424 77.807
162.327255 77.847
163.503540 77.854
164.688354 77.860
165.881760 77.897
167.083801 77.876
168.294571 77.929
169.514099 77.986
170.742462 77.948
171.979736 77.955
173.225967 77.998
174.481232 78.082
175.745605 78.045
177.019119 78.006
178.301880 78.058
179.593933 78.058
180.895340 78.014
182.206177 77.999
183.526520 78.005
184.856430 77.971
186.195984 77.953
187.545227 77.965
188.904266 77.957
190.273132 77.929
191.651932 77.937
193.040726 77.877
194.439575 77.896
195.848572 77.866
197.267761 77.908
198.697250 77.876
200.137085 77.937
201.587372 77.859
203.048157 77.947
204.519531 77.901
206.001556 77.985
207.494324 77.976
208.997925 77.993
210.512405 78.016
212.037857 78.002
213.574371 78.068
215.122025 78.019
216.680893 78.078
218.251053 78.047
219.832581 78.114
221.425583 78.075
223.030121 78.069
224.646286 78.060
226.274170 78.025
227.913849 78.074
229.565399 78.088
231.228928 78.046
232.904510 78.101
234.592224 78.070
236.292191 78.076
238.004456 78.050
239.729126 78.034
241.466309 78.081
243.216080 78.073
244.978516 78.109
246.753738 78.084
248.541809 78.091
250.342850 78.132
252.156937 78.158
253.984161 78.170
255.824646 78.201
257.678467 78.204
259.545685 78.201
261.426483 78.148
263.320862 78.183
265.229004 78.219
267.150970 78.194
269.086853 78.226
271.036774 78.215
273.000824 78.236
274.979095 78.212
276.971710 78.231
278.978760 78.229
281.000336 78.187
283.036591 78.199
285.087585 78.203
287.153442 78.225
289.234283 78.211
291.330200 78.243
293.441284 78.228
295.567688 78.214
297.709503 78.184
299.866821 78.186
302.039795 78.170
304.228485 78.205
306.433044 78.178
308.653595 78.204
310.890228 78.235
313.143066 78.182
315.412231 78.204
317.697845 78.209
320.000000 78.201
322.318848 78.222
324.654510 78.179
327.007080 78.216
329.376709 78.212
331.763519 78.208
334.167603 78.219
336.589142 78.204
339.028198 78.175
341.484924 78.169
343.959473 78.207
346.451935 78.190
348.962463 78.155
351.491211 78.189
354.038239 78.187
356.603760 78.194
359.187866 78.180
361.790680 78.178
364.412354 78.194
367.053040 78.185
369.712860 78.174
372.391968 78.181
375.090454 78.192
377.808533 78.175
380.546265 78.181
383.303864 78.168
386.081451 78.166
388.879150 78.138
391.697144 78.133
394.535522 78.134
397.394501 78.142
400.274170 78.140
403.174744 78.141
406.096313 78.166
409.039062 78.132
412.003113 78.156
414.988647 78.147
417.995850 78.140
421.024811 78.139
424.075714 78.144
427.148743 78.155
430.244049 78.159
433.361786 78.131
436.502106 78.151
439.665161 78.174
442.851166 78.183
446.060242 78.197
449.292572 78.160
452.548340 78.168
455.827698 78.130
459.130798 78.180
462.457855 78.174
465.809021 78.158
469.184448 78.206
472.584381 78.180
476.008911 78.187
479.458252 78.175
482.932617 78.156
486.432159 78.179
489.957031 78.188
493.507477 78.171
497.083618 78.181
500.685699 78.157
504.313873 78.161
507.968323 78.178
511.649292 78.159
515.356934 78.132
519.091370 78.143
522.852966 78.173
526.641724 78.134
530.458008 78.137
534.301941 78.158
538.173706 78.160
542.073547 78.168
546.001648 78.112
549.958191 78.146
553.943420 78.118
557.957520 78.154
562.000671 78.129
566.073181 78.116
570.175171 78.116
574.306885 78.146
578.468567 78.122
582.660400 78.179
586.882568 78.134
591.135376 78.128
595.419006 78.157
599.733643 78.124
604.079590 78.124
608.456970 78.111
612.866089 78.125
617.307190 78.127
621.780457 78.151
626.286133 78.113
630.824463 78.128
635.395691 78.113
640.000000 78.116
644.637695 78.097
649.309021 78.148
654.014160 78.113
658.753418 78.125
663.527039 78.165
668.335205 78.088
673.178284 78.117
678.056396 78.148
682.969849 78.173
687.918945 78.181
692.903870 78.132
697.924927 78.119
702.982422 78.161
708.076477 78.135
713.207520 78.196
718.375732 78.157
723.581360 78.150
728.824707 78.196
734.106079 78.205
739.425720 78.249
744.783936 78.226
750.180908 78.249
755.617065 78.262
761.092529 78.256
766.607727 78.228
772.162903 78.246
777.758301 78.296
783.394287 78.299
789.071045 78.339
794.789001 78.319
800.548340 78.346
806.349487 78.311
812.192627 78.364
818.078125 78.406
824.006226 78.379
829.977295 78.417
835.991699 78.414
842.049622 78.458
848.151428 78.471
854.297485 78.493
860.488098 78.496
866.723572 78.577
873.004211 78.558
879.330322 78.589
885.702332 78.627
892.120483 78.623
898.585144 78.587
905.096680 78.656
911.655396 78.674
918.261597 78.739
924.915710 78.720
931.618042 78.801
938.368896 78.811
945.168762 78.844
952.017822 78.909
958.916504 78.978
965.865234 79.027
972.864319 78.987
979.914062 79.057
987.014954 79.115
994.167236 79.136
1001.371399 79.144
1008.627747 79.177
1015.936646 79.226
1023.298584 79.273
1030.713867 79.276
1038.182739 79.282
1045.705933 79.337
1053.283447 79.387
1060.916016 79.412
1068.603882 79.484
1076.347412 79.488
1084.147095 79.573
1092.003296 79.586
1099.916382 79.657
1107.886841 79.688
1115.915039 79.779
1124.001343 79.821
1132.146362 79.859
1140.350342 79.928
1148.613770 79.999
1156.937134 80.032
1165.320801 80.071
1173.765137 80.144
1182.270752 80.156
1190.838013 80.131
1199.467285 80.183
1208.159180 80.248
1216.913940 80.276
1225.732178 80.322
1234.614380 80.308
1243.560913 80.384
1252.572266 80.390
1261.648926 80.428
1270.791382 80.418
1280.000000 80.480
1289.275391 80.537
1298.618042 80.524
1308.028320 80.566
1317.506836 80.565
1327.054077 80.594
1336.670410 80.673
1346.356567 80.660
1356.112793 80.737
1365.939697 80.689
1375.837891 80.721
1385.807739 80.786
1395.849854 80.779
1405.964844 80.798
1416.152954 80.853
1426.415039 80.889
1436.751465 80.927
1447.162720 80.896
1457.649414 80.960
1468.212158 80.975
1478.851440 81.043
1489.567871 81.026
1500.361816 81.117
1511.234131 81.100
1522.185059 81.104
1533.215454 81.175
1544.325806 81.200
1555.516602 81.250
1566.788574 81.243
1578.142090 81.303
1589.578003 81.313
1601.096680 81.389
1612.698975 81.419
1624.385254 81.460
1636.156250 81.522
1648.012451 81.539
1659.954590 81.614
1671.983398 81.639
1684.099243 81.671
1696.302856 81.651
1708.594971 81.742
1720.976196 81.818
1733.447144 81.869
1746.008423 81.842
1758.660645 81.924
1771.404663 81.954
1784.240967 82.018
1797.170288 82.024
1810.193359 82.115
1823.310791 82.173
1836.523193 82.159
1849.831421 82.244
1863.236084 82.230
1876.737793 82.311
1890.337524 82.355
1904.035645 82.408
1917.833008 82.493
1931.730469 82.478
1945.728638 82.563
1959.828125 82.599
1974.029907 82.635
1988.334473 82.693
2002.742798 82.804
2017.255493 82.790
2031.873291 82.904
2046.597168 82.935
2061.427734 82.951
2076.365479 83.046
2091.411865 83.117
2106.566895 83.168
2121.832031 83.199
2137.207764 83.246
2152.694824 83.274
2168.294189 83.380
2184.006592 83.406
2199.832764 83.484
2215.773682 83.542
2231.830078 83.564
2248.002686 83.627
2264.292725 83.733
2280.700684 83.789
2297.227539 83.828
2313.874268 83.889
2330.641602 83.916
2347.530273 84.006
2364.541504 84.054
2381.676025 84.103
2398.934570 84.197
2416.318359 84.213
2433.827881 84.317
2451.464355 84.408
2469.228760 84.539
2487.121826 84.725
2505.144531 84.949
2523.297852 85.204
2541.582764 85.493
2560.000000 85.760
2578.550781 86.023
2597.236084 86.299
2616.056641 86.505
2635.013672 86.689
2654.108154 86.852
2673.340820 86.999
2692.713135 87.117
2712.225586 87.232
2731.879395 87.341
2751.675781 87.406
2771.615479 87.507
2791.699707 87.588
2811.929688 87.692
2832.305908 87.772
2852.830078 87.837
2873.502930 87.917
2894.325439 87.993
2915.298828 88.053
2936.424316 88.148
2957.702881 88.180
2979.135742 88.242
3000.723633 88.298
3022.468262 88.355
3044.370117 88.375
3066.430908 88.393
3088.651611 88.431
3111.033203 88.436
3133.577148 88.443
3156.284180 88.483
3179.156006 88.466
3202.193359 88.459
3225.397949 88.467
3248.770508 88.456
3272.312500 88.422
3296.024902 88.399
3319.909180 88.377
3343.966797 88.331
3368.198486 88.312
3392.605713 88.263
3417.189941 88.201
3441.952393 88.177
3466.894287 88.124
3492.016846 88.069
3517.321289 88.024
3542.809326 87.912
3568.481934 87.861
3594.340576 87.741
3620.386719 87.695
3646.621582 87.556
3673.046387 87.456
3699.662842 87.401
3726.472168 87.308
3753.475586 87.166
3780.675049 87.077
3808.071289 86.980
3835.666016 86.852
3863.460938 86.788
3891.457275 86.663
3919.656250 86.509
3948.059814 86.384
3976.668945 86.284
4005.485596 86.155
4034.510986 86.051
4063.746582 85.944
4093.194336 85.802
4122.855469 85.718
4152.730957 85.600
4182.823730 85.502
4213.133789 85.471
4243.664062 85.380
4274.415527 85.314
4305.389648 85.203
4336.588379 85.159
4368.013184 85.093
4399.665527 84.997
4431.547363 84.908
4463.660156 84.860
4496.005371 84.816
4528.585449 84.704
4561.401367 84.633
4594.455078 84.565
4627.748535 84.530
4661.283203 84.536
4695.060547 84.485
4729.083008 84.482
4763.352051 84.525
4797.869141 84.452
4832.636719 84.490
4867.655762 84.534
4902.928711 84.556
4938.457520 84.563
4974.243652 84.580
5010.289062 84.616
5046.595703 84.663
5083.165527 84.685
5120.000000 84.679
5157.101562 84.712
5194.472168 84.796
5232.113281 84.825
5270.027344 84.842
5308.216309 84.917
5346.681641 84.943
5385.426270 84.945
5424.451172 85.016
5463.758789 85.020
5503.351562 85.150
5543.230957 85.161
5583.399414 85.223
5623.859375 85.267
5664.611816 85.317
5705.660156 85.392
5747.005859 85.364
5788.650879 85.490
5830.597656 85.496
5872.848633 85.588
5915.405762 85.581
5958.271484 85.636
6001.447266 85.701
6044.936523 85.788
6088.740234 85.827
6132.861816 85.897
6177.303223 86.021
6222.066406 86.038
6267.154297 86.149
6312.568359 86.219
6358.312012 86.331
6404.386719 86.377
6450.795898 86.492
6497.541016 86.599
6544.625000 86.694
6592.049805 86.773
6639.818359 86.873
6687.933594 86.983
6736.396973 87.083
6785.211426 87.168
6834.379883 87.296
6883.904785 87.424
6933.788574 87.579
6984.033691 87.680
7034.642578 87.812
7085.618652 88.014
7136.963867 88.134
7188.681152 88.304
7240.773438 88.383
7293.243164 88.490
7346.092773 88.561
7399.325684 88.523
7452.944336 88.461
7506.951172 88.308
7561.350098 88.132
7616.142578 87.864
7671.332031 87.508
7726.921875 87.157
7782.914551 86.739
7839.312500 86.330
7896.119629 85.950
7953.337891 85.543
8010.971191 85.154
8069.021973 84.671
8127.493164 84.049
8186.388672 83.634
8245.710938 83.121
8305.461914 82.580
8365.647461 82.040
8426.267578 81.531
8487.328125 81.064
8548.831055 80.609
8610.779297 80.164
8673.176758 79.695
8736.026367 79.325
8799.331055 78.804
8863.094727 78.468
8927.320312 78.138
8992.010742 77.720
9057.170898 77.405
9122.802734 77.198
9188.910156 76.911
9255.497070 76.645
9322.566406 76.279
9390.121094 76.132
9458.166016 75.876
9526.704102 75.942
9595.738281 75.660
9665.273438 75.431
9735.311523 75.436
9805.857422 75.179
9876.915039 75.396
9948.487305 75.280
10020.578125 75.182
10093.191406 75.132
10166.331055 75.106
10240.000000 75.087
10314.203125 75.086
10388.944336 75.087
10464.226562 75.411
10540.054688 75.367
10616.432617 75.214
10693.363281 75.471
10770.852539 75.660
10848.902344 75.409
10927.517578 75.760
11006.703125 75.807
11086.461914 75.828
11166.798828 75.767
11247.718750 75.867
11329.223633 75.644
11411.320312 75.569
11494.011719 75.639
11577.301758 75.377
11661.195312 75.298
11745.697266 75.433
11830.811523 75.179
11916.542969 75.184
12002.894531 75.103
12089.873047 75.017
12177.480469 74.948
12265.723633 74.824
12354.606445 75.146
12444.132812 75.065
12534.308594 75.183
12625.136719 75.440
12716.624023 75.363
12808.773438 75.528
12901.591797 75.786
12995.082031 76.193
13089.250000 76.466
13184.099609 76.736
13279.636719 77.019
13375.867188 77.305
13472.793945 77.739
13570.422852 78.118
13668.759766 78.416
13767.809570 78.684
13867.577148 79.201
13968.067383 79.479
14069.285156 79.853
14171.237305 80.434
14273.927734 80.720
14377.362305 81.003
14481.546875 81.085
14586.486328 80.922
14692.185547 80.594
14798.651367 80.559
14905.888672 80.235
15013.902344 79.965
15122.700195 79.482
15232.285156 79.128
15342.664062 78.527
15453.843750 78.141
15565.829102 77.694
15678.625000 77.250
15792.239258 76.802
15906.675781 76.344
16021.942383 75.990
16138.043945 75.507
16254.986328 75.482
16372.777344 75.408
16491.421875 75.131
16610.923828 75.162
16731.294922 74.822
16852.535156 74.528
16974.656250 74.318
17097.662109 73.986
17221.558594 73.179
17346.353516 72.620
17472.052734 71.587
17598.662109 70.748
17726.189453 69.651
17854.640625 67.771
17984.021484 66.899
18114.341797 65.998
18245.605469 65.895
18377.820312 64.067
18510.994141 62.259
18645.132812 61.782
18780.242188 59.993
18916.332031 56.424
19053.408203 58.083
19191.476562 56.965
19330.546875 59.621
19470.623047 60.378
19611.714844 60.963
19753.830078 57.967
19896.974609 57.476
