20.000000 64.759
20.144928 64.590
20.290907 64.443
20.437943 64.314
20.586044 64.258
20.735220 64.278
20.885475 64.375
21.036821 64.567
21.189262 64.813
21.342808 65.097
21.497467 65.403
21.653246 65.686
21.810154 65.953
21.968201 66.174
22.127390 66.352
22.287735 66.483
22.449242 66.566
22.611917 66.615
22.775772 66.627
22.940815 66.624
23.107054 66.606
23.274498 66.592
23.443153 66.584
23.613033 66.594
23.784142 66.623
23.956491 66.675
24.130091 66.751
24.304947 66.849
24.481071 66.972
24.658470 67.118
24.837156 67.289
25.017136 67.481
25.198421 67.692
25.381020 67.912
25.564941 68.133
25.750195 68.341
25.936790 68.523
26.124741 68.669
26.314051 68.768
26.504732 68.816
26.696796 68.813
26.890253 68.763
27.085112 68.682
27.281382 68.591
27.479073 68.509
27.678198 68.474
27.878765 68.499
28.080786 68.603
28.284271 68.774
28.489231 69.002
28.695675 69.248
28.903616 69.496
29.113064 69.711
29.324028 69.882
29.536524 69.998
29.750557 70.061
29.966141 70.076
30.183289 70.055
30.402010 70.020
30.622314 69.983
30.844217 69.963
31.067726 69.967
31.292856 69.997
31.519617 70.050
31.748020 70.117
31.978081 70.198
32.209808 70.292
32.443211 70.408
32.678310 70.555
32.915108 70.739
33.153625 70.957
33.393871 71.187
33.635857 71.407
33.879597 71.578
34.125103 71.676
34.372387 71.698
34.621464 71.653
34.872345 71.606
35.125042 71.647
35.379574 71.838
35.635948 72.222
35.894180 72.726
36.154285 73.221
36.416275 73.597
36.680161 73.757
36.945961 73.633
37.213688 73.213
37.483353 72.574
37.754974 71.922
38.028561 71.575
38.304131 71.905
38.581699 72.757
38.861279 73.763
39.142883 74.652
39.426529 75.289
39.712231 75.659
40.000000 75.806
40.289856 75.799
40.581814 75.696
40.875885 75.523
41.172089 75.271
41.470440 74.905
41.770950 74.399
42.073643 73.777
42.378525 73.158
42.685616 72.760
42.994934 72.743
43.306492 73.039
43.620308 73.431
43.936401 73.723
44.254780 73.830
44.575470 73.778
44.898483 73.681
45.223835 73.674
45.551544 73.824
45.881630 74.079
46.214108 74.322
46.548996 74.458
46.886307 74.469
47.226067 74.409
47.568283 74.362
47.912983 74.386
48.260181 74.482
48.609894 74.608
48.962143 74.722
49.316940 74.808
49.674313 74.857
50.034271 74.855
50.396843 74.781
50.762039 74.635
51.129883 74.460
51.500389 74.330
51.873581 74.295
52.249481 74.336
52.628101 74.371
53.009464 74.336
53.393593 74.238
53.780506 74.164
54.170223 74.211
54.562763 74.406
54.958145 74.682
55.356396 74.935
55.757530 75.098
56.161572 75.158
56.568542 75.140
56.978462 75.096
57.391350 75.088
57.807232 75.158
58.226128 75.282
58.648056 75.380
59.073048 75.378
59.501114 75.285
59.932281 75.205
60.366577 75.241
60.804020 75.380
61.244629 75.488
61.688435 75.460
62.135452 75.323
62.585712 75.233
63.039234 75.314
63.496040 75.527
63.956161 75.721
64.419617 75.803
64.886421 75.799
65.356621 75.788
65.830215 75.816
66.307251 75.875
66.787743 75.956
67.271713 76.060
67.759193 76.163
68.250206 76.201
68.744774 76.135
69.242928 76.023
69.744690 75.984
70.250084 76.050
70.759148 76.120
71.271896 76.103
71.788361 76.050
72.308571 76.107
72.832550 76.311
73.360321 76.489
73.891922 76.477
74.427376 76.333
74.966705 76.302
75.509949 76.528
76.057121 76.814
76.608261 76.903
77.163399 76.804
77.722557 76.753
78.285767 76.902
78.853058 77.091
79.424461 77.132
80.000000 77.055
80.579712 77.036
81.163628 77.114
81.751770 77.176
82.344177 77.166
82.940880 77.160
83.541901 77.207
84.147285 77.252
84.757050 77.241
85.371231 77.220
85.989868 77.248
86.612984 77.310
87.240616 77.359
87.872803 77.382
88.509560 77.391
89.150940 77.398
89.796967 77.429
90.447670 77.490
91.103088 77.522
91.763260 77.499
92.428215 77.489
93.097992 77.536
93.772614 77.583
94.452133 77.598
95.136566 77.613
95.825966 77.627
96.520363 77.630
97.219788 77.652
97.924286 77.686
98.633881 77.687
99.348625 77.688
100.068542 77.729
100.793686 77.765
101.524078 77.755
102.259766 77.737
103.000778 77.770
103.747162 77.841
104.498962 77.861
105.256203 77.820
106.018929 77.829
106.787186 77.895
107.561012 77.912
108.340446 77.899
109.125526 77.927
109.916290 77.949
110.712791 77.953
111.515060 77.988
112.323143 78.009
113.137085 77.990
113.956924 77.978
114.782700 77.961
115.614464 77.954
116.452255 77.997
117.296112 78.026
118.146095 78.000
119.002228 77.986
119.864563 78.024
120.733154 78.048
121.608040 78.075
122.489258 78.135
123.376869 78.083
124.270905 78.013
125.171425 78.061
126.078468 78.039
126.992081 78.001
127.912323 78.042
128.839233 78.069
129.772842 78.075
130.713242 78.066
131.660431 78.051
132.614502 78.042
133.575485 78.036
134.543427 78.013
135.518387 78.001
136.500412 77.935
137.489548 77.870
138.485855 77.884
139.489380 77.970
140.500168 77.935
141.518295 77.956
142.543793 78.065
143.576721 78.054
144.617142 78.364
145.665100 78.255
146.720642 78.189
147.783844 78.313
148.854752 78.436
149.933411 78.600
151.019897 78.652
152.114243 78.847
153.216522 78.904
154.326797 79.034
155.445114 79.101
156.571533 79.161
157.706116 79.222
158.848923 79.220
160.000000 79.201
161.159424 79.272
162.327255 79.293
163.503540 79.302
164.688354 79.292
165.881760 79.352
167.083801 79.338
168.294571 79.372
169.514099 79.341
170.742462 79.363
171.979736 79.363
173.225967 79.379
174.481232 79.432
175.745605 79.398
177.019119 79.373
178.301880 79.375
179.593933 79.382
180.895340 79.311
182.206177 79.318
183.526520 79.305
184.856430 79.264
186.195984 79.232
187.545227 79.197
188.904266 79.184
190.273132 79.193
191.651932 79.185
193.040726 79.182
194.439575 79.217
195.848572 79.175
197.267761 79.192
198.697250 79.197
200.137085 79.215
201.587372 79.252
203.048157 79.277
204.519531 79.269
206.001556 79.328
207.494324 79.313
208.997925 79.349
210.512405 79.323
212.037857 79.334
213.574371 79.354
215.122025 79.332
216.680893 79.369
218.251053 79.405
219.832581 79.347
221.425583 79.408
223.030121 79.359
224.646286 79.379
226.274170 79.352
227.913849 79.363
229.565399 79.370
231.228928 79.375
232.904510 79.395
234.592224 79.376
236.292191 79.387
238.004456 79.371
239.729126 79.334
241.466309 79.357
243.216080 79.352
244.978516 79.344
246.753738 79.364
248.541809 79.346
250.342850 79.378
252.156937 79.376
253.984161 79.401
255.824646 79.394
257.678467 79.392
259.545685 79.427
261.426483 79.401
263.320862 79.448
265.229004 79.468
267.150970 79.499
269.086853 79.496
271.036774 79.503
273.000824 79.523
274.979095 79.578
276.971710 79.569
278.978760 79.568
281.000336 79.553
283.036591 79.553
285.087585 79.532
287.153442 79.590
289.234283 79.522
291.330200 79.590
293.441284 79.546
295.567688 79.543
297.709503 79.551
299.866821 79.563
302.039795 79.554
304.228485 79.536
306.433044 79.547
308.653595 79.540
310.890228 79.545
313.143066 79.570
315.412231 79.510
317.697845 79.532
320.000000 79.526
322.318848 79.527
324.654510 79.526
327.007080 79.494
329.376709 79.516
331.763519 79.543
334.167603 79.488
336.589142 79.481
339.028198 79.484
341.484924 79.527
343.959473 79.551
346.451935 79.551
348.962463 79.512
351.491211 79.512
354.038239 79.483
356.603760 79.470
359.187866 79.507
361.790680 79.485
364.412354 79.470
367.053040 79.446
369.712860 79.482
372.391968 79.442
375.090454 79.521
377.808533 79.446
380.546265 79.487
383.303864 79.483
386.081451 79.464
388.879150 79.464
391.697144 79.467
394.535522 79.454
397.394501 79.433
400.274170 79.440
403.174744 79.470
406.096313 79.438
409.039062 79.468
412.003113 79.463
414.988647 79.413
417.995850 79.420
421.024811 79.467
424.075714 79.438
427.148743 79.389
430.244049 79.406
433.361786 79.415
436.502106 79.409
439.665161 79.410
442.851166 79.408
446.060242 79.409
449.292572 79.436
452.548340 79.447
455.827698 79.396
459.130798 79.402
462.457855 79.411
465.809021 79.402
469.184448 79.380
472.584381 79.352
476.008911 79.346
479.458252 79.380
482.932617 79.400
486.432159 79.345
489.957031 79.409
493.507477 79.390
497.083618 79.365
500.685699 79.373
504.313873 79.348
507.968323 79.411
511.649292 79.341
515.356934 79.312
519.091370 79.294
522.852966 79.353
526.641724 79.331
530.458008 79.345
534.301941 79.328
538.173706 79.320
542.073547 79.372
546.001648 79.320
549.958191 79.292
553.943420 79.304
557.957520 79.294
562.000671 79.327
566.073181 79.358
570.175171 79.339
574.306885 79.286
578.468567 79.325
582.660400 79.331
586.882568 79.307
591.135376 79.300
595.419006 79.283
599.733643 79.283
604.079590 79.272
608.456970 79.294
612.866089 79.312
617.307190 79.327
621.780457 79.246
626.286133 79.306
630.824463 79.304
635.395691 79.291
640.000000 79.293
644.637695 79.248
649.309021 79.273
654.014160 79.280
658.753418 79.280
663.527039 79.261
668.335205 79.294
673.178284 79.297
678.056396 79.273
682.969849 79.294
687.918945 79.293
692.903870 79.274
697.924927 79.322
702.982422 79.350
708.076477 79.300
713.207520 79.296
718.375732 79.305
723.581360 79.325
728.824707 79.369
734.106079 79.352
739.425720 79.359
744.783936 79.329
750.180908 79.348
755.617065 79.347
761.092529 79.359
766.607727 79.365
772.162903 79.381
777.758301 79.433
783.394287 79.378
789.071045 79.406
794.789001 79.432
800.548340 79.479
806.349487 79.442
812.192627 79.433
818.078125 79.476
824.006226 79.478
829.977295 79.520
835.991699 79.508
842.049622 79.522
848.151428 79.554
854.297485 79.590
860.488098 79.594
866.723572 79.650
873.004211 79.667
879.330322 79.669
885.702332 79.694
892.120483 79.707
898.585144 79.680
905.096680 79.708
911.655396 79.741
918.261597 79.829
924.915710 79.872
931.618042 79.878
938.368896 79.918
945.168762 79.970
952.017822 80.050
958.916504 80.002
965.865234 80.065
972.864319 80.102
979.914062 80.212
987.014954 80.219
994.167236 80.247
1001.371399 80.302
1008.627747 80.297
1015.936646 80.338
1023.298584 80.379
1030.713867 80.466
1038.182739 80.498
1045.705933 80.496
1053.283447 80.508
1060.916016 80.590
1068.603882 80.653
1076.347412 80.689
1084.147095 80.757
1092.003296 80.802
1099.916382 80.872
1107.886841 80.931
1115.915039 80.984
1124.001343 81.038
1132.146362 81.118
1140.350342 81.171
1148.613770 81.220
1156.937134 81.313
1165.320801 81.348
1173.765137 81.382
1182.270752 81.449
1190.838013 81.476
1199.467285 81.500
1208.159180 81.572
1216.913940 81.599
1225.732178 81.643
1234.614380 81.715
1243.560913 81.714
1252.572266 81.743
1261.648926 81.769
1270.791382 81.820
1280.000000 81.877
1289.275391 81.871
1298.618042 81.926
1308.028320 81.978
1317.506836 81.981
1327.054077 82.037
1336.670410 82.083
1346.356567 82.122
1356.112793 82.148
1365.939697 82.176
1375.837891 82.216
1385.807739 82.226
1395.849854 82.286
1405.964844 82.280
1416.152954 82.351
1426.415039 82.344
1436.751465 82.395
1447.162720 82.435
1457.649414 82.454
1468.212158 82.493
1478.851440 82.514
1489.567871 82.551
1500.361816 82.582
1511.234131 82.647
1522.185059 82.697
1533.215454 82.709
1544.325806 82.724
1555.516602 82.784
1566.788574 82.791
1578.142090 82.814
1589.578003 82.857
1601.096680 82.901
1612.698975 82.909
1624.385254 82.972
1636.156250 83.000
1648.012451 83.032
1659.954590 83.070
1671.983398 83.094
1684.099243 83.162
1696.302856 83.181
1708.594971 83.232
1720.976196 83.243
1733.447144 83.282
1746.008423 83.331
1758.660645 83.378
1771.404663 83.412
1784.240967 83.451
1797.170288 83.475
1810.193359 83.542
1823.310791 83.579
1836.523193 83.650
1849.831421 83.669
1863.236084 83.688
1876.737793 83.759
1890.337524 83.772
1904.035645 83.858
1917.833008 83.923
1931.730469 83.973
1945.728638 84.006
1959.828125 84.064
1974.029907 84.103
1988.334473 84.168
2002.742798 84.217
2017.255493 84.248
2031.873291 84.304
2046.597168 84.375
2061.427734 84.435
2076.365479 84.482
2091.411865 84.560
2106.566895 84.608
2121.832031 84.652
2137.207764 84.739
2152.694824 84.848
2168.294189 84.878
2184.006592 84.926
2199.832764 85.027
2215.773682 85.058
2231.830078 85.115
2248.002686 85.241
2264.292725 85.297
2280.700684 85.384
2297.227539 85.429
2313.874268 85.521
2330.641602 85.593
2347.530273 85.663
2364.541504 85.740
2381.676025 85.827
2398.934570 85.917
2416.318359 86.010
2433.827881 86.091
2451.464355 86.168
2469.228760 86.292
2487.121826 86.355
2505.144531 86.482
2523.297852 86.584
2541.582764 86.722
2560.000000 86.885
2578.550781 86.998
2597.236084 87.140
2616.056641 87.260
2635.013672 87.369
2654.108154 87.508
2673.340820 87.610
2692.713135 87.727
2712.225586 87.851
2731.879395 87.936
2751.675781 88.058
2771.615479 88.141
2791.699707 88.241
2811.929688 88.353
2832.305908 88.447
2852.830078 88.536
2873.502930 88.619
2894.325439 88.708
2915.298828 88.797
2936.424316 88.866
2957.702881 88.937
2979.135742 89.021
3000.723633 89.085
3022.468262 89.140
3044.370117 89.215
3066.430908 89.270
3088.651611 89.304
3111.033203 89.390
3133.577148 89.400
3156.284180 89.443
3179.156006 89.484
3202.193359 89.496
3225.397949 89.512
3248.770508 89.509
3272.312500 89.509
3296.024902 89.493
3319.909180 89.453
3343.966797 89.422
3368.198486 89.394
3392.605713 89.318
3417.189941 89.263
3441.952393 89.185
3466.894287 89.120
3492.016846 89.030
3517.321289 88.952
3542.809326 88.855
3568.481934 88.768
3594.340576 88.634
3620.386719 88.554
3646.621582 88.427
3673.046387 88.306
3699.662842 88.204
3726.472168 88.059
3753.475586 87.938
3780.675049 87.763
3808.071289 87.622
3835.666016 87.450
3863.460938 87.297
3891.457275 87.111
3919.656250 86.914
3948.059814 86.752
3976.668945 86.603
4005.485596 86.423
4034.510986 86.254
4063.746582 86.141
4093.194336 86.017
4122.855469 85.830
4152.730957 85.737
4182.823730 85.586
4213.133789 85.499
4243.664062 85.432
4274.415527 85.341
4305.389648 85.186
4336.588379 85.119
4368.013184 85.002
4399.665527 84.892
4431.547363 84.831
4463.660156 84.682
4496.005371 84.610
4528.585449 84.593
4561.401367 84.536
4594.455078 84.448
4627.748535 84.344
4661.283203 84.256
4695.060547 84.228
4729.083008 84.209
4763.352051 84.175
4797.869141 84.065
4832.636719 84.024
4867.655762 84.044
4902.928711 83.951
4938.457520 83.888
4974.243652 83.926
5010.289062 83.821
5046.595703 83.784
5083.165527 83.769
5120.000000 83.740
5157.101562 83.722
5194.472168 83.648
5232.113281 83.565
5270.027344 83.504
5308.216309 83.436
5346.681641 83.362
5385.426270 83.324
5424.451172 83.216
5463.758789 83.184
5503.351562 83.075
5543.230957 83.037
5583.399414 82.997
5623.859375 82.953
5664.611816 82.840
5705.660156 82.807
5747.005859 82.765
5788.650879 82.732
5830.597656 82.682
5872.848633 82.520
5915.405762 82.534
5958.271484 82.508
6001.447266 82.457
6044.936523 82.415
6088.740234 82.319
6132.861816 82.247
6177.303223 82.138
6222.066406 82.147
6267.154297 82.000
6312.568359 81.929
6358.312012 81.916
6404.386719 81.834
6450.795898 81.775
6497.541016 81.786
6544.625000 81.738
6592.049805 81.733
6639.818359 81.673
6687.933594 81.616
6736.396973 81.573
6785.211426 81.525
6834.379883 81.559
6883.904785 81.520
6933.788574 81.388
6984.033691 81.481
7034.642578 81.483
7085.618652 81.443
7136.963867 81.416
7188.681152 81.468
7240.773438 81.535
7293.243164 81.590
7346.092773 81.607
7399.325684 81.658
7452.944336 81.789
7506.951172 81.806
7561.350098 82.017
7616.142578 82.172
7671.332031 82.384
7726.921875 82.629
7782.914551 82.857
7839.312500 83.160
7896.119629 83.506
7953.337891 83.796
8010.971191 84.079
8069.021973 84.362
8127.493164 84.570
8186.388672 84.824
8245.710938 85.081
8305.461914 85.292
8365.647461 85.521
8426.267578 85.781
8487.328125 86.097
8548.831055 86.333
8610.779297 86.657
8673.176758 86.994
8736.026367 87.303
8799.331055 87.570
8863.094727 87.871
8927.320312 88.090
8992.010742 88.330
9057.170898 88.465
9122.802734 88.461
9188.910156 88.473
9255.497070 88.321
9322.566406 88.120
9390.121094 87.778
9458.166016 87.394
9526.704102 86.939
9595.738281 86.428
9665.273438 85.956
9735.311523 85.436
9805.857422 84.860
9876.915039 84.388
9948.487305 83.844
10020.578125 83.349
10093.191406 82.878
10166.331055 82.464
10240.000000 82.124
10314.203125 81.702
10388.944336 81.348
10464.226562 81.034
10540.054688 80.616
10616.432617 80.428
10693.363281 80.252
10770.852539 79.854
10848.902344 79.623
10927.517578 79.476
11006.703125 79.308
11086.461914 79.114
11166.798828 78.824
11247.718750 78.640
11329.223633 78.420
11411.320312 78.053
11494.011719 77.898
11577.301758 77.695
11661.195312 77.465
11745.697266 77.419
11830.811523 77.153
11916.542969 76.806
12002.894531 76.586
12089.873047 76.422
12177.480469 76.165
12265.723633 75.902
12354.606445 75.768
12444.132812 75.519
12534.308594 75.183
12625.136719 74.975
12716.624023 74.811
12808.773438 74.697
12901.591797 74.636
12995.082031 74.370
13089.250000 74.449
13184.099609 74.228
13279.636719 74.122
13375.867188 74.080
13472.793945 73.785
13570.422852 73.947
13668.759766 73.596
13767.809570 73.461
13867.577148 73.611
13968.067383 73.523
14069.285156 73.850
14171.237305 74.079
14273.927734 74.209
14377.362305 74.356
14481.546875 74.409
14586.486328 74.275
14692.185547 74.088
14798.651367 74.209
14905.888672 74.334
15013.902344 74.586
15122.700195 74.833
15232.285156 74.417
15342.664062 74.699
15453.843750 74.912
15565.829102 74.837
15678.625000 74.856
15792.239258 75.079
15906.675781 75.184
16021.942383 75.254
16138.043945 75.397
16254.986328 75.654
16372.777344 75.748
16491.421875 75.758
16610.923828 75.575
16731.294922 75.141
16852.535156 74.862
16974.656250 74.124
17097.662109 73.745
17221.558594 72.691
17346.353516 71.994
17472.052734 71.491
17598.662109 70.618
17726.189453 70.249
17854.640625 69.753
17984.021484 69.373
18114.341797 69.632
18245.605469 69.633
18377.820312 69.902
18510.994141 69.755
18645.132812 68.999
18780.242188 68.706
18916.332031 68.033
19053.408203 67.777
19191.476562 69.841
19330.546875 71.761
19470.623047 72.794
19611.714844 73.435
19753.830078 73.499
19896.974609 73.001
