20.000000 90.331
20.144928 90.294
20.290907 90.257
20.437943 90.220
20.586044 90.187
20.735220 90.158
20.885475 90.135
21.036821 90.120
21.189262 90.111
21.342808 90.109
21.497467 90.111
21.653246 90.115
21.810154 90.119
21.968201 90.121
22.127390 90.117
22.287735 90.106
22.449242 90.087
22.611917 90.059
22.775772 90.024
22.940815 89.984
23.107054 89.940
23.274498 89.896
23.443153 89.854
23.613033 89.817
23.784142 89.785
23.956491 89.760
24.130091 89.741
24.304947 89.727
24.481071 89.714
24.658470 89.701
24.837156 89.686
25.017136 89.667
25.198421 89.644
25.381020 89.616
25.564941 89.584
25.750195 89.551
25.936790 89.517
26.124741 89.486
26.314051 89.460
26.504732 89.438
26.696796 89.422
26.890253 89.410
27.085112 89.400
27.281382 89.389
27.479073 89.373
27.678198 89.349
27.878765 89.315
28.080786 89.268
28.284271 89.210
28.489231 89.140
28.695675 89.063
28.903616 88.985
29.113064 88.910
29.324028 88.846
29.536524 88.797
29.750557 88.766
29.966141 88.752
30.183289 88.752
30.402010 88.760
30.622314 88.770
30.844217 88.776
31.067726 88.774
31.292856 88.762
31.519617 88.739
31.748020 88.711
31.978081 88.678
32.209808 88.646
32.443211 88.615
32.678310 88.586
32.915108 88.559
33.153625 88.531
33.393871 88.499
33.635857 88.464
33.879597 88.425
34.125103 88.385
34.372387 88.347
34.621464 88.311
34.872345 88.280
35.125042 88.252
35.379574 88.225
35.635948 88.198
35.894180 88.168
36.154285 88.133
36.416275 88.096
36.680161 88.056
36.945961 88.016
37.213688 87.975
37.483353 87.935
37.754974 87.893
38.028561 87.850
38.304131 87.805
38.581699 87.761
38.861279 87.719
39.142883 87.681
39.426529 87.648
39.712231 87.620
40.000000 87.594
40.289856 87.566
40.581814 87.533
40.875885 87.492
41.172089 87.443
41.470440 87.388
41.770950 87.331
42.073643 87.276
42.378525 87.225
42.685616 87.180
42.994934 87.139
43.306492 87.100
43.620308 87.062
43.936401 87.023
44.254780 86.986
44.575470 86.954
44.898483 86.931
45.223835 86.916
45.551544 86.907
45.881630 86.898
46.214108 86.882
46.548996 86.858
46.886307 86.825
47.226067 86.792
47.568283 86.764
47.912983 86.747
48.260181 86.739
48.609894 86.733
48.962143 86.720
49.316940 86.694
49.674313 86.655
50.034271 86.606
50.396843 86.552
50.762039 86.500
51.129883 86.451
51.500389 86.407
51.873581 86.367
52.249481 86.332
52.628101 86.298
53.009464 86.262
53.393593 86.221
53.780506 86.174
54.170223 86.126
54.562763 86.083
54.958145 86.048
55.356396 86.020
55.757530 85.992
56.161572 85.958
56.568542 85.917
56.978462 85.875
57.391350 85.836
57.807232 85.801
58.226128 85.766
58.648056 85.730
59.073048 85.689
59.501114 85.648
59.932281 85.607
60.366577 85.568
60.804020 85.527
61.244629 85.483
61.688435 85.436
62.135452 85.388
62.585712 85.343
63.039234 85.301
63.496040 85.263
63.956161 85.226
64.419617 85.189
64.886421 85.151
65.356621 85.114
65.830215 85.079
66.307251 85.043
66.787743 85.003
67.271713 84.957
67.759193 84.912
68.250206 84.873
68.744774 84.839
69.242928 84.801
69.744690 84.756
70.250084 84.709
70.759148 84.668
71.271896 84.632
71.788361 84.593
72.308571 84.545
72.832550 84.490
73.360321 84.433
73.891922 84.379
74.427376 84.329
74.966705 84.282
75.509949 84.236
76.057121 84.186
76.608261 84.130
77.163399 84.077
77.722557 84.032
78.285767 83.994
78.853058 83.959
79.424461 83.934
80.000000 83.933
80.579712 83.954
81.163628 83.973
81.751770 83.969
82.344177 83.951
82.940880 83.939
83.541901 83.931
84.147285 83.905
84.757050 83.851
85.371231 83.784
85.989868 83.723
86.612984 83.673
87.240616 83.633
87.872803 83.609
88.509560 83.597
89.150940 83.587
89.796967 83.568
90.447670 83.543
91.103088 83.514
91.763260 83.488
92.428215 83.472
93.097992 83.464
93.772614 83.460
94.452133 83.459
95.136566 83.459
95.825966 83.455
96.520363 83.435
97.219788 83.397
97.924286 83.344
98.633881 83.289
99.348625 83.246
100.068542 83.216
100.793686 83.188
101.524078 83.156
102.259766 83.121
103.000778 83.085
103.747162 83.053
104.498962 83.025
105.256203 82.995
106.018929 82.963
106.787186 82.928
107.561012 82.888
108.340446 82.847
109.125526 82.814
109.916290 82.786
110.712791 82.753
111.515060 82.714
112.323143 82.677
113.137085 82.646
113.956924 82.618
114.782700 82.593
115.614464 82.567
116.452255 82.541
117.296112 82.516
118.146095 82.492
119.002228 82.465
119.864563 82.435
120.733154 82.408
121.608040 82.381
122.489258 82.351
123.376869 82.320
124.270905 82.294
125.171425 82.268
126.078468 82.240
126.992081 82.211
127.912323 82.184
128.839233 82.155
129.772842 82.129
130.713242 82.105
131.660431 82.076
132.614502 82.042
133.575485 82.007
134.543427 81.972
135.518387 81.939
136.500412 81.908
137.489548 81.882
138.485855 81.863
139.489380 81.844
140.500168 81.821
141.518295 81.795
142.543793 81.757
143.576721 81.700
144.617142 81.645
145.665100 81.617
146.720642 81.604
147.783844 81.587
148.854752 81.567
149.933411 81.552
151.019897 81.541
152.114243 81.528
153.216522 81.512
154.326797 81.490
155.445114 81.469
156.571533 81.456
157.706116 81.448
158.848923 81.437
160.000000 81.427
161.159424 81.419
162.327255 81.409
163.503540 81.392
164.688354 81.372
165.881760 81.353
167.083801 81.339
168.294571 81.329
169.514099 81.324
170.742462 81.321
171.979736 81.317
173.225967 81.311
174.481232 81.296
175.745605 81.271
177.019119 81.239
178.301880 81.202
179.593933 81.166
180.895340 81.132
182.206177 81.099
183.526520 81.066
184.856430 81.033
186.195984 80.995
187.545227 80.950
188.904266 80.904
190.273132 80.861
191.651932 80.825
193.040726 80.795
194.439575 80.768
195.848572 80.742
197.267761 80.719
198.697250 80.698
200.137085 80.683
201.587372 80.676
203.048157 80.676
204.519531 80.677
206.001556 80.674
207.494324 80.666
208.997925 80.661
210.512405 80.655
212.037857 80.640
213.574371 80.621
215.122025 80.605
216.680893 80.589
218.251053 80.574
219.832581 80.562
221.425583 80.550
223.030121 80.536
224.646286 80.520
226.274170 80.504
227.913849 80.491
229.565399 80.477
231.228928 80.460
232.904510 80.441
234.592224 80.423
236.292191 80.405
238.004456 80.389
239.729126 80.374
241.466309 80.360
243.216080 80.346
244.978516 80.332
246.753738 80.315
248.541809 80.294
250.342850 80.273
252.156937 80.255
253.984161 80.242
255.824646 80.231
257.678467 80.219
259.545685 80.205
261.426483 80.193
263.320862 80.180
265.229004 80.166
267.150970 80.152
269.086853 80.136
271.036774 80.119
273.000824 80.103
274.979095 80.087
276.971710 80.074
278.978760 80.064
281.000336 80.056
283.036591 80.045
285.087585 80.030
287.153442 80.011
289.234283 79.991
291.330200 79.975
293.441284 79.965
295.567688 79.957
297.709503 79.944
299.866821 79.926
302.039795 79.910
304.228485 79.900
306.433044 79.895
308.653595 79.890
310.890228 79.884
313.143066 79.878
315.412231 79.869
317.697845 79.858
320.000000 79.848
322.318848 79.839
324.654510 79.829
327.007080 79.821
329.376709 79.814
331.763519 79.809
334.167603 79.800
336.589142 79.784
339.028198 79.767
341.484924 79.759
343.959473 79.754
346.451935 79.746
348.962463 79.737
351.491211 79.733
354.038239 79.727
356.603760 79.713
359.187866 79.697
361.790680 79.688
364.412354 79.684
367.053040 79.677
369.712860 79.666
372.391968 79.652
375.090454 79.640
377.808533 79.630
380.546265 79.621
383.303864 79.606
386.081451 79.592
388.879150 79.581
391.697144 79.573
394.535522 79.564
397.394501 79.557
400.274170 79.548
403.174744 79.536
406.096313 79.524
409.039062 79.515
412.003113 79.511
414.988647 79.508
417.995850 79.505
421.024811 79.496
424.075714 79.485
427.148743 79.473
430.244049 79.459
433.361786 79.445
436.502106 79.440
439.665161 79.441
442.851166 79.437
446.060242 79.431
449.292572 79.425
452.548340 79.420
455.827698 79.412
459.130798 79.402
462.457855 79.390
465.809021 79.379
469.184448 79.371
472.584381 79.363
476.008911 79.357
479.458252 79.350
482.932617 79.347
486.432159 79.348
489.957031 79.346
493.507477 79.336
497.083618 79.321
500.685699 79.310
504.313873 79.302
507.968323 79.294
511.649292 79.287
515.356934 79.279
519.091370 79.272
522.852966 79.266
526.641724 79.260
530.458008 79.251
534.301941 79.236
538.173706 79.220
542.073547 79.208
546.001648 79.201
549.958191 79.196
553.943420 79.193
557.957520 79.192
562.000671 79.189
566.073181 79.182
570.175171 79.179
574.306885 79.179
578.468567 79.174
582.660400 79.166
586.882568 79.158
591.135376 79.150
595.419006 79.141
599.733643 79.134
604.079590 79.131
608.456970 79.129
612.866089 79.127
617.307190 79.124
621.780457 79.118
626.286133 79.111
630.824463 79.107
635.395691 79.106
640.000000 79.104
644.637695 79.102
649.309021 79.101
654.014160 79.102
658.753418 79.099
663.527039 79.091
668.335205 79.083
673.178284 79.080
678.056396 79.078
682.969849 79.076
687.918945 79.072
692.903870 79.072
697.924927 79.078
702.982422 79.087
708.076477 79.092
713.207520 79.093
718.375732 79.094
723.581360 79.095
728.824707 79.095
734.106079 79.097
739.425720 79.100
744.783936 79.103
750.180908 79.110
755.617065 79.119
761.092529 79.129
766.607727 79.138
772.162903 79.147
777.758301 79.154
783.394287 79.164
789.071045 79.178
794.789001 79.191
800.548340 79.204
806.349487 79.217
812.192627 79.230
818.078125 79.240
824.006226 79.249
829.977295 79.255
835.991699 79.263
842.049622 79.277
848.151428 79.295
854.297485 79.317
860.488098 79.344
866.723572 79.373
873.004211 79.397
879.330322 79.413
885.702332 79.422
892.120483 79.428
898.585144 79.438
905.096680 79.456
911.655396 79.482
918.261597 79.515
924.915710 79.553
931.618042 79.593
938.368896 79.637
945.168762 79.683
952.017822 79.725
958.916504 79.763
965.865234 79.799
972.864319 79.834
979.914062 79.870
987.014954 79.907
994.167236 79.942
1001.371399 79.976
1008.627747 80.007
1015.936646 80.032
1023.298584 80.055
1030.713867 80.080
1038.182739 80.110
1045.705933 80.145
1053.283447 80.182
1060.916016 80.223
1068.603882 80.268
1076.347412 80.313
1084.147095 80.363
1092.003296 80.417
1099.916382 80.474
1107.886841 80.533
1115.915039 80.591
1124.001343 80.648
1132.146362 80.705
1140.350342 80.763
1148.613770 80.817
1156.937134 80.865
1165.320801 80.908
1173.765137 80.949
1182.270752 80.989
1190.838013 81.028
1199.467285 81.064
1208.159180 81.094
1216.913940 81.120
1225.732178 81.147
1234.614380 81.176
1243.560913 81.209
1252.572266 81.241
1261.648926 81.271
1270.791382 81.300
1280.000000 81.329
1289.275391 81.357
1298.618042 81.385
1308.028320 81.413
1317.506836 81.442
1327.054077 81.476
1336.670410 81.510
1346.356567 81.545
1356.112793 81.580
1365.939697 81.615
1375.837891 81.646
1385.807739 81.673
1395.849854 81.700
1405.964844 81.731
1416.152954 81.762
1426.415039 81.790
1436.751465 81.817
1447.162720 81.844
1457.649414 81.871
1468.212158 81.902
1478.851440 81.932
1489.567871 81.960
1500.361816 81.988
1511.234131 82.018
1522.185059 82.050
1533.215454 82.079
1544.325806 82.107
1555.516602 82.137
1566.788574 82.169
1578.142090 82.203
1589.578003 82.236
1601.096680 82.268
1612.698975 82.298
1624.385254 82.329
1636.156250 82.359
1648.012451 82.391
1659.954590 82.428
1671.983398 82.465
1684.099243 82.497
1696.302856 82.528
1708.594971 82.562
1720.976196 82.599
1733.447144 82.639
1746.008423 82.679
1758.660645 82.716
1771.404663 82.751
1784.240967 82.787
1797.170288 82.827
1810.193359 82.868
1823.310791 82.909
1836.523193 82.949
1849.831421 82.986
1863.236084 83.022
1876.737793 83.059
1890.337524 83.100
1904.035645 83.143
1917.833008 83.185
1931.730469 83.225
1945.728638 83.269
1959.828125 83.314
1974.029907 83.359
1988.334473 83.403
2002.742798 83.451
2017.255493 83.506
2031.873291 83.566
2046.597168 83.631
2061.427734 83.701
2076.365479 83.776
2091.411865 83.856
2106.566895 83.936
2121.832031 84.013
2137.207764 84.083
2152.694824 84.152
2168.294189 84.221
2184.006592 84.289
2199.832764 84.356
2215.773682 84.422
2231.830078 84.487
2248.002686 84.552
2264.292725 84.619
2280.700684 84.689
2297.227539 84.762
2313.874268 84.836
2330.641602 84.910
2347.530273 84.986
2364.541504 85.065
2381.676025 85.145
2398.934570 85.225
2416.318359 85.308
2433.827881 85.397
2451.464355 85.490
2469.228760 85.588
2487.121826 85.690
2505.144531 85.796
2523.297852 85.907
2541.582764 86.025
2560.000000 86.149
2578.550781 86.281
2597.236084 86.419
2616.056641 86.564
2635.013672 86.712
2654.108154 86.860
2673.340820 87.010
2692.713135 87.161
2712.225586 87.312
2731.879395 87.461
2751.675781 87.608
2771.615479 87.752
2791.699707 87.891
2811.929688 88.024
2832.305908 88.150
2852.830078 88.270
2873.502930 88.384
2894.325439 88.492
2915.298828 88.591
2936.424316 88.681
2957.702881 88.767
2979.135742 88.848
3000.723633 88.922
3022.468262 88.990
3044.370117 89.052
3066.430908 89.106
3088.651611 89.153
3111.033203 89.191
3133.577148 89.218
3156.284180 89.234
3179.156006 89.238
3202.193359 89.228
3225.397949 89.207
3248.770508 89.173
3272.312500 89.124
3296.024902 89.062
3319.909180 88.989
3343.966797 88.905
3368.198486 88.812
3392.605713 88.711
3417.189941 88.605
3441.952393 88.494
3466.894287 88.382
3492.016846 88.266
3517.321289 88.145
3542.809326 88.017
3568.481934 87.886
3594.340576 87.750
3620.386719 87.607
3646.621582 87.456
3673.046387 87.297
3699.662842 87.130
3726.472168 86.958
3753.475586 86.780
3780.675049 86.596
3808.071289 86.408
3835.666016 86.219
3863.460938 86.030
3891.457275 85.838
3919.656250 85.646
3948.059814 85.455
3976.668945 85.270
4005.485596 85.095
4034.510986 84.929
4063.746582 84.768
4093.194336 84.614
4122.855469 84.468
4152.730957 84.330
4182.823730 84.198
4213.133789 84.069
4243.664062 83.941
4274.415527 83.813
4305.389648 83.687
4336.588379 83.558
4368.013184 83.427
4399.665527 83.299
4431.547363 83.178
4463.660156 83.063
4496.005371 82.952
4528.585449 82.848
4561.401367 82.750
4594.455078 82.664
4627.748535 82.588
4661.283203 82.522
4695.060547 82.467
4729.083008 82.422
4763.352051 82.386
4797.869141 82.358
4832.636719 82.334
4867.655762 82.315
4902.928711 82.299
4938.457520 82.286
4974.243652 82.277
5010.289062 82.271
5046.595703 82.268
5083.165527 82.270
5120.000000 82.272
5157.101562 82.273
5194.472168 82.275
5232.113281 82.278
5270.027344 82.280
5308.216309 82.282
5346.681641 82.285
5385.426270 82.291
5424.451172 82.294
5463.758789 82.295
5503.351562 82.292
5543.230957 82.288
5583.399414 82.280
5623.859375 82.268
5664.611816 82.253
5705.660156 82.234
5747.005859 82.211
5788.650879 82.183
5830.597656 82.149
5872.848633 82.109
5915.405762 82.067
5958.271484 82.025
6001.447266 81.983
6044.936523 81.937
6088.740234 81.893
6132.861816 81.853
6177.303223 81.818
6222.066406 81.785
6267.154297 81.754
6312.568359 81.727
6358.312012 81.706
6404.386719 81.694
6450.795898 81.689
6497.541016 81.689
6544.625000 81.694
6592.049805 81.709
6639.818359 81.733
6687.933594 81.766
6736.396973 81.811
6785.211426 81.868
6834.379883 81.936
6883.904785 82.015
6933.788574 82.104
6984.033691 82.207
7034.642578 82.324
7085.618652 82.455
7136.963867 82.601
7188.681152 82.762
7240.773438 82.942
7293.243164 83.146
7346.092773 83.374
7399.325684 83.627
7452.944336 83.908
7506.951172 84.229
7561.350098 84.593
7616.142578 84.996
7671.332031 85.432
7726.921875 85.901
7782.914551 86.396
7839.312500 86.900
7896.119629 87.401
7953.337891 87.896
8010.971191 88.359
8069.021973 88.759
8127.493164 89.077
8186.388672 89.303
8245.710938 89.413
8305.461914 89.389
8365.647461 89.232
8426.267578 88.951
8487.328125 88.561
8548.831055 88.079
8610.779297 87.527
8673.176758 86.927
8736.026367 86.302
8799.331055 85.670
8863.094727 85.041
8927.320312 84.424
8992.010742 83.826
9057.170898 83.252
9122.802734 82.703
9188.910156 82.180
9255.497070 81.682
9322.566406 81.210
9390.121094 80.766
9458.166016 80.349
9526.704102 79.959
9595.738281 79.594
9665.273438 79.255
9735.311523 78.940
9805.857422 78.648
9876.915039 78.381
9948.487305 78.139
10020.578125 77.921
10093.191406 77.723
10166.331055 77.543
10240.000000 77.379
10314.203125 77.233
10388.944336 77.114
10464.226562 77.021
10540.054688 76.947
10616.432617 76.888
10693.363281 76.845
10770.852539 76.818
10848.902344 76.804
10927.517578 76.801
11006.703125 76.803
11086.461914 76.803
11166.798828 76.804
11247.718750 76.806
11329.223633 76.801
11411.320312 76.783
11494.011719 76.749
11577.301758 76.697
11661.195312 76.623
11745.697266 76.524
11830.811523 76.403
11916.542969 76.269
12002.894531 76.131
12089.873047 75.987
12177.480469 75.832
12265.723633 75.674
12354.606445 75.523
12444.132812 75.375
12534.308594 75.237
12625.136719 75.120
12716.624023 75.027
12808.773438 74.956
12901.591797 74.911
12995.082031 74.892
13089.250000 74.892
13184.099609 74.894
13279.636719 74.884
13375.867188 74.863
13472.793945 74.842
13570.422852 74.832
13668.759766 74.839
13767.809570 74.866
13867.577148 74.910
13968.067383 74.997
14069.285156 75.162
14171.237305 75.381
14273.927734 75.606
14377.362305 75.799
14481.546875 75.919
14586.486328 75.941
14692.185547 75.881
14798.651367 75.773
14905.888672 75.631
15013.902344 75.447
15122.700195 75.221
15232.285156 74.966
15342.664062 74.687
15453.843750 74.397
15565.829102 74.109
15678.625000 73.828
15792.239258 73.549
15906.675781 73.276
16021.942383 73.037
16138.043945 72.849
16254.986328 72.688
16372.777344 72.521
16491.421875 72.324
16610.923828 72.093
16731.294922 71.826
16852.535156 71.519
16974.656250 71.198
17097.662109 70.916
17221.558594 70.839
17346.353516 71.360
17472.052734 72.653
17598.662109 74.151
17726.189453 75.165
17854.640625 75.540
17984.021484 75.503
18114.341797 75.270
18245.605469 74.888
18377.820312 74.305
18510.994141 73.481
18645.132812 72.432
18780.242188 71.203
18916.332031 69.835
19053.408203 68.369
19191.476562 66.852
19330.546875 65.324
19470.623047 63.820
19611.714844 62.378
19753.830078 61.039
19896.974609 59.992
