20.000000 90.568
20.144928 90.570
20.290907 90.569
20.437943 90.566
20.586044 90.558
20.735220 90.544
20.885475 90.527
21.036821 90.504
21.189262 90.479
21.342808 90.452
21.497467 90.424
21.653246 90.396
21.810154 90.370
21.968201 90.347
22.127390 90.325
22.287735 90.305
22.449242 90.286
22.611917 90.268
22.775772 90.249
22.940815 90.230
23.107054 90.210
23.274498 90.189
23.443153 90.168
23.613033 90.147
23.784142 90.126
23.956491 90.105
24.130091 90.083
24.304947 90.060
24.481071 90.037
24.658470 90.011
24.837156 89.984
25.017136 89.955
25.198421 89.924
25.381020 89.892
25.564941 89.858
25.750195 89.823
25.936790 89.787
26.124741 89.751
26.314051 89.714
26.504732 89.678
26.696796 89.643
26.890253 89.609
27.085112 89.577
27.281382 89.547
27.479073 89.519
27.678198 89.491
27.878765 89.464
28.080786 89.436
28.284271 89.406
28.489231 89.374
28.695675 89.340
28.903616 89.306
29.113064 89.273
29.324028 89.244
29.536524 89.218
29.750557 89.197
29.966141 89.175
30.183289 89.152
30.402010 89.121
30.622314 89.080
30.844217 89.028
31.067726 88.966
31.292856 88.900
31.519617 88.838
31.748020 88.789
31.978081 88.759
32.209808 88.750
32.443211 88.759
32.678310 88.777
32.915108 88.794
33.153625 88.799
33.393871 88.786
33.635857 88.755
33.879597 88.713
34.125103 88.673
34.372387 88.648
34.621464 88.644
34.872345 88.665
35.125042 88.700
35.379574 88.733
35.635948 88.749
35.894180 88.734
36.154285 88.683
36.416275 88.601
36.680161 88.501
36.945961 88.400
37.213688 88.316
37.483353 88.258
37.754974 88.226
38.028561 88.212
38.304131 88.202
38.581699 88.186
38.861279 88.158
39.142883 88.120
39.426529 88.076
39.712231 88.034
40.000000 87.996
40.289856 87.963
40.581814 87.934
40.875885 87.905
41.172089 87.875
41.470440 87.845
41.770950 87.816
42.073643 87.792
42.378525 87.770
42.685616 87.746
42.994934 87.713
43.306492 87.663
43.620308 87.595
43.936401 87.513
44.254780 87.433
44.575470 87.374
44.898483 87.351
45.223835 87.364
45.551544 87.398
45.881630 87.426
46.214108 87.424
46.548996 87.384
46.886307 87.318
47.226067 87.255
47.568283 87.220
47.912983 87.223
48.260181 87.245
48.609894 87.259
48.962143 87.242
49.316940 87.193
49.674313 87.129
50.034271 87.077
50.396843 87.049
50.762039 87.040
51.129883 87.030
51.500389 87.003
51.873581 86.954
52.249481 86.892
52.628101 86.830
53.009464 86.780
53.393593 86.744
53.780506 86.716
54.170223 86.690
54.562763 86.657
54.958145 86.614
55.356396 86.564
55.757530 86.513
56.161572 86.471
56.568542 86.440
56.978462 86.417
57.391350 86.390
57.807232 86.353
58.226128 86.308
58.648056 86.262
59.073048 86.218
59.501114 86.174
59.932281 86.126
60.366577 86.074
60.804020 86.027
61.244629 85.989
61.688435 85.958
62.135452 85.926
62.585712 85.888
63.039234 85.848
63.496040 85.816
63.956161 85.792
64.419617 85.767
64.886421 85.734
65.356621 85.693
65.830215 85.652
66.307251 85.619
66.787743 85.591
67.271713 85.560
67.759193 85.522
68.250206 85.479
68.744774 85.433
69.242928 85.385
69.744690 85.335
70.250084 85.291
70.759148 85.255
71.271896 85.225
71.788361 85.193
72.308571 85.156
72.832550 85.116
73.360321 85.078
73.891922 85.045
74.427376 85.013
74.966705 84.977
75.509949 84.939
76.057121 84.904
76.608261 84.874
77.163399 84.847
77.722557 84.815
78.285767 84.778
78.853058 84.739
79.424461 84.704
80.000000 84.670
80.579712 84.637
81.163628 84.603
81.751770 84.569
82.344177 84.530
82.940880 84.488
83.541901 84.447
84.147285 84.412
84.757050 84.379
85.371231 84.344
85.989868 84.303
86.612984 84.259
87.240616 84.213
87.872803 84.168
88.509560 84.128
89.150940 84.094
89.796967 84.063
90.447670 84.029
91.103088 83.991
91.763260 83.954
92.428215 83.921
93.097992 83.891
93.772614 83.867
94.452133 83.843
95.136566 83.813
95.825966 83.776
96.520363 83.736
97.219788 83.696
97.924286 83.657
98.633881 83.621
99.348625 83.587
100.068542 83.556
100.793686 83.525
101.524078 83.493
102.259766 83.461
103.000778 83.429
103.747162 83.395
104.498962 83.358
105.256203 83.322
106.018929 83.287
106.787186 83.251
107.561012 83.215
108.340446 83.179
109.125526 83.146
109.916290 83.112
110.712791 83.077
111.515060 83.041
112.323143 83.005
113.137085 82.969
113.956924 82.937
114.782700 82.908
115.614464 82.881
116.452255 82.853
117.296112 82.818
118.146095 82.778
119.002228 82.740
119.864563 82.707
120.733154 82.674
121.608040 82.642
122.489258 82.610
123.376869 82.576
124.270905 82.546
125.171425 82.525
126.078468 82.505
126.992081 82.478
127.912323 82.447
128.839233 82.423
129.772842 82.405
130.713242 82.384
131.660431 82.355
132.614502 82.326
133.575485 82.298
134.543427 82.270
135.518387 82.242
136.500412 82.214
137.489548 82.182
138.485855 82.144
139.489380 82.112
140.500168 82.091
141.518295 82.077
142.543793 82.068
143.576721 82.056
144.617142 82.030
145.665100 81.987
146.720642 81.944
147.783844 81.908
148.854752 81.873
149.933411 81.837
151.019897 81.806
152.114243 81.780
153.216522 81.754
154.326797 81.728
155.445114 81.700
156.571533 81.669
157.706116 81.638
158.848923 81.610
160.000000 81.584
161.159424 81.561
162.327255 81.540
163.503540 81.520
164.688354 81.496
165.881760 81.469
167.083801 81.444
168.294571 81.425
169.514099 81.412
170.742462 81.401
171.979736 81.396
173.225967 81.398
174.481232 81.400
175.745605 81.401
177.019119 81.403
178.301880 81.413
179.593933 81.426
180.895340 81.430
182.206177 81.420
183.526520 81.400
184.856430 81.376
186.195984 81.348
187.545227 81.316
188.904266 81.280
190.273132 81.243
191.651932 81.206
193.040726 81.174
194.439575 81.150
195.848572 81.130
197.267761 81.110
198.697250 81.092
200.137085 81.080
201.587372 81.075
203.048157 81.075
204.519531 81.074
206.001556 81.073
207.494324 81.072
208.997925 81.069
210.512405 81.065
212.037857 81.063
213.574371 81.061
215.122025 81.056
216.680893 81.051
218.251053 81.044
219.832581 81.031
221.425583 81.016
223.030121 81.000
224.646286 80.984
226.274170 80.966
227.913849 80.945
229.565399 80.926
231.228928 80.914
232.904510 80.902
234.592224 80.886
236.292191 80.867
238.004456 80.843
239.729126 80.817
241.466309 80.790
243.216080 80.767
244.978516 80.748
246.753738 80.731
248.541809 80.717
250.342850 80.703
252.156937 80.689
253.984161 80.676
255.824646 80.660
257.678467 80.642
259.545685 80.622
261.426483 80.600
263.320862 80.577
265.229004 80.556
267.150970 80.535
269.086853 80.516
271.036774 80.501
273.000824 80.490
274.979095 80.481
276.971710 80.475
278.978760 80.467
281.000336 80.452
283.036591 80.432
285.087585 80.414
287.153442 80.401
289.234283 80.390
291.330200 80.378
293.441284 80.364
295.567688 80.350
297.709503 80.338
299.866821 80.329
302.039795 80.320
304.228485 80.306
306.433044 80.290
308.653595 80.274
310.890228 80.260
313.143066 80.246
315.412231 80.231
317.697845 80.220
320.000000 80.218
322.318848 80.216
324.654510 80.207
327.007080 80.191
329.376709 80.174
331.763519 80.162
334.167603 80.152
336.589142 80.141
339.028198 80.132
341.484924 80.121
343.959473 80.106
346.451935 80.093
348.962463 80.085
351.491211 80.081
354.038239 80.074
356.603760 80.065
359.187866 80.055
361.790680 80.045
364.412354 80.033
367.053040 80.021
369.712860 80.009
372.391968 79.996
375.090454 79.984
377.808533 79.977
380.546265 79.974
383.303864 79.969
386.081451 79.960
388.879150 79.952
391.697144 79.946
394.535522 79.942
397.394501 79.936
400.274170 79.924
403.174744 79.909
406.096313 79.895
409.039062 79.883
412.003113 79.875
414.988647 79.872
417.995850 79.870
421.024811 79.869
424.075714 79.866
427.148743 79.861
430.244049 79.856
433.361786 79.848
436.502106 79.839
439.665161 79.835
442.851166 79.837
446.060242 79.837
449.292572 79.832
452.548340 79.825
455.827698 79.816
459.130798 79.804
462.457855 79.795
465.809021 79.791
469.184448 79.787
472.584381 79.779
476.008911 79.768
479.458252 79.755
482.932617 79.743
486.432159 79.733
489.957031 79.726
493.507477 79.723
497.083618 79.718
500.685699 79.709
504.313873 79.697
507.968323 79.685
511.649292 79.674
515.356934 79.667
519.091370 79.661
522.852966 79.656
526.641724 79.652
530.458008 79.646
534.301941 79.640
538.173706 79.632
542.073547 79.622
546.001648 79.612
549.958191 79.605
553.943420 79.599
557.957520 79.593
562.000671 79.589
566.073181 79.586
570.175171 79.581
574.306885 79.576
578.468567 79.570
582.660400 79.563
586.882568 79.558
591.135376 79.554
595.419006 79.552
599.733643 79.550
604.079590 79.546
608.456970 79.541
612.866089 79.537
617.307190 79.536
621.780457 79.534
626.286133 79.526
630.824463 79.512
635.395691 79.503
640.000000 79.502
644.637695 79.505
649.309021 79.511
654.014160 79.515
658.753418 79.510
663.527039 79.503
668.335205 79.500
673.178284 79.502
678.056396 79.503
682.969849 79.500
687.918945 79.498
692.903870 79.496
697.924927 79.495
702.982422 79.496
708.076477 79.501
713.207520 79.506
718.375732 79.512
723.581360 79.516
728.824707 79.516
734.106079 79.517
739.425720 79.520
744.783936 79.526
750.180908 79.533
755.617065 79.538
761.092529 79.543
766.607727 79.554
772.162903 79.570
777.758301 79.584
783.394287 79.596
789.071045 79.612
794.789001 79.630
800.548340 79.641
806.349487 79.649
812.192627 79.659
818.078125 79.670
824.006226 79.684
829.977295 79.697
835.991699 79.710
842.049622 79.721
848.151428 79.737
854.297485 79.757
860.488098 79.777
866.723572 79.798
873.004211 79.819
879.330322 79.837
885.702332 79.851
892.120483 79.864
898.585144 79.879
905.096680 79.901
911.655396 79.928
918.261597 79.959
924.915710 79.994
931.618042 80.032
938.368896 80.076
945.168762 80.123
952.017822 80.168
958.916504 80.207
965.865234 80.244
972.864319 80.278
979.914062 80.313
987.014954 80.348
994.167236 80.384
1001.371399 80.417
1008.627747 80.446
1015.936646 80.476
1023.298584 80.510
1030.713867 80.549
1038.182739 80.586
1045.705933 80.623
1053.283447 80.661
1060.916016 80.705
1068.603882 80.751
1076.347412 80.799
1084.147095 80.845
1092.003296 80.895
1099.916382 80.954
1107.886841 81.020
1115.915039 81.086
1124.001343 81.147
1132.146362 81.206
1140.350342 81.262
1148.613770 81.314
1156.937134 81.363
1165.320801 81.410
1173.765137 81.454
1182.270752 81.494
1190.838013 81.529
1199.467285 81.563
1208.159180 81.601
1216.913940 81.641
1225.732178 81.678
1234.614380 81.712
1243.560913 81.747
1252.572266 81.783
1261.648926 81.819
1270.791382 81.855
1280.000000 81.890
1289.275391 81.923
1298.618042 81.956
1308.028320 81.991
1317.506836 82.025
1327.054077 82.056
1336.670410 82.088
1346.356567 82.120
1356.112793 82.150
1365.939697 82.177
1375.837891 82.205
1385.807739 82.238
1395.849854 82.271
1405.964844 82.304
1416.152954 82.336
1426.415039 82.368
1436.751465 82.400
1447.162720 82.431
1457.649414 82.461
1468.212158 82.492
1478.851440 82.522
1489.567871 82.549
1500.361816 82.578
1511.234131 82.607
1522.185059 82.638
1533.215454 82.670
1544.325806 82.701
1555.516602 82.731
1566.788574 82.761
1578.142090 82.792
1589.578003 82.825
1601.096680 82.858
1612.698975 82.892
1624.385254 82.927
1636.156250 82.963
1648.012451 82.999
1659.954590 83.036
1671.983398 83.074
1684.099243 83.110
1696.302856 83.146
1708.594971 83.182
1720.976196 83.219
1733.447144 83.256
1746.008423 83.294
1758.660645 83.333
1771.404663 83.372
1784.240967 83.411
1797.170288 83.451
1810.193359 83.493
1823.310791 83.535
1836.523193 83.577
1849.831421 83.622
1863.236084 83.669
1876.737793 83.715
1890.337524 83.759
1904.035645 83.803
1917.833008 83.848
1931.730469 83.893
1945.728638 83.938
1959.828125 83.984
1974.029907 84.033
1988.334473 84.083
2002.742798 84.135
2017.255493 84.188
2031.873291 84.239
2046.597168 84.289
2061.427734 84.342
2076.365479 84.400
2091.411865 84.458
2106.566895 84.516
2121.832031 84.576
2137.207764 84.639
2152.694824 84.700
2168.294189 84.759
2184.006592 84.816
2199.832764 84.876
2215.773682 84.939
2231.830078 85.006
2248.002686 85.077
2264.292725 85.154
2280.700684 85.240
2297.227539 85.337
2313.874268 85.441
2330.641602 85.554
2347.530273 85.677
2364.541504 85.805
2381.676025 85.934
2398.934570 86.059
2416.318359 86.177
2433.827881 86.289
2451.464355 86.395
2469.228760 86.500
2487.121826 86.601
2505.144531 86.701
2523.297852 86.802
2541.582764 86.905
2560.000000 87.007
2578.550781 87.110
2597.236084 87.215
2616.056641 87.320
2635.013672 87.427
2654.108154 87.533
2673.340820 87.640
2692.713135 87.746
2712.225586 87.853
2731.879395 87.960
2751.675781 88.069
2771.615479 88.178
2791.699707 88.286
2811.929688 88.393
2832.305908 88.500
2852.830078 88.606
2873.502930 88.713
2894.325439 88.820
2915.298828 88.927
2936.424316 89.032
2957.702881 89.135
2979.135742 89.235
3000.723633 89.329
3022.468262 89.416
3044.370117 89.495
3066.430908 89.566
3088.651611 89.629
3111.033203 89.680
3133.577148 89.719
3156.284180 89.746
3179.156006 89.763
3202.193359 89.765
3225.397949 89.752
3248.770508 89.724
3272.312500 89.682
3296.024902 89.626
3319.909180 89.558
3343.966797 89.474
3368.198486 89.375
3392.605713 89.262
3417.189941 89.139
3441.952393 89.010
3466.894287 88.876
3492.016846 88.738
3517.321289 88.595
3542.809326 88.446
3568.481934 88.293
3594.340576 88.135
3620.386719 87.971
3646.621582 87.799
3673.046387 87.619
3699.662842 87.435
3726.472168 87.251
3753.475586 87.067
3780.675049 86.882
3808.071289 86.696
3835.666016 86.512
3863.460938 86.328
3891.457275 86.140
3919.656250 85.947
3948.059814 85.754
3976.668945 85.563
4005.485596 85.375
4034.510986 85.194
4063.746582 85.018
4093.194336 84.850
4122.855469 84.689
4152.730957 84.534
4182.823730 84.387
4213.133789 84.247
4243.664062 84.110
4274.415527 83.978
4305.389648 83.848
4336.588379 83.723
4368.013184 83.602
4399.665527 83.485
4431.547363 83.372
4463.660156 83.262
4496.005371 83.161
4528.585449 83.067
4561.401367 82.978
4594.455078 82.896
4627.748535 82.823
4661.283203 82.756
4695.060547 82.693
4729.083008 82.638
4763.352051 82.589
4797.869141 82.547
4832.636719 82.511
4867.655762 82.480
4902.928711 82.454
4938.457520 82.431
4974.243652 82.410
5010.289062 82.389
5046.595703 82.367
5083.165527 82.342
5120.000000 82.314
5157.101562 82.287
5194.472168 82.260
5232.113281 82.239
5270.027344 82.224
5308.216309 82.210
5346.681641 82.195
5385.426270 82.178
5424.451172 82.159
5463.758789 82.140
5503.351562 82.118
5543.230957 82.091
5583.399414 82.057
5623.859375 82.017
5664.611816 81.972
5705.660156 81.926
5747.005859 81.879
5788.650879 81.827
5830.597656 81.771
5872.848633 81.711
5915.405762 81.652
5958.271484 81.593
6001.447266 81.531
6044.936523 81.465
6088.740234 81.398
6132.861816 81.340
6177.303223 81.289
6222.066406 81.236
6267.154297 81.181
6312.568359 81.126
6358.312012 81.073
6404.386719 81.024
6450.795898 80.980
6497.541016 80.940
6544.625000 80.904
6592.049805 80.871
6639.818359 80.844
6687.933594 80.820
6736.396973 80.798
6785.211426 80.784
6834.379883 80.784
6883.904785 80.794
6933.788574 80.812
6984.033691 80.839
7034.642578 80.878
7085.618652 80.930
7136.963867 80.993
7188.681152 81.069
7240.773438 81.157
7293.243164 81.260
7346.092773 81.379
7399.325684 81.515
7452.944336 81.670
7506.951172 81.854
7561.350098 82.070
7616.142578 82.315
7671.332031 82.586
7726.921875 82.883
7782.914551 83.205
7839.312500 83.544
7896.119629 83.899
7953.337891 84.272
8010.971191 84.655
8069.021973 85.036
8127.493164 85.417
8186.388672 85.806
8245.710938 86.197
8305.461914 86.582
8365.647461 86.962
8426.267578 87.338
8487.328125 87.704
8548.831055 88.043
8610.779297 88.334
8673.176758 88.554
8736.026367 88.686
8799.331055 88.715
8863.094727 88.631
8927.320312 88.431
8992.010742 88.121
9057.170898 87.718
9122.802734 87.245
9188.910156 86.722
9255.497070 86.169
9322.566406 85.602
9390.121094 85.037
9458.166016 84.485
9526.704102 83.952
9595.738281 83.442
9665.273438 82.958
9735.311523 82.502
9805.857422 82.078
9876.915039 81.684
9948.487305 81.314
10020.578125 80.967
10093.191406 80.645
10166.331055 80.348
10240.000000 80.077
10314.203125 79.830
10388.944336 79.603
10464.226562 79.397
10540.054688 79.212
10616.432617 79.049
10693.363281 78.908
10770.852539 78.782
10848.902344 78.665
10927.517578 78.558
11006.703125 78.462
11086.461914 78.372
11166.798828 78.284
11247.718750 78.199
11329.223633 78.114
11411.320312 78.024
11494.011719 77.918
11577.301758 77.794
11661.195312 77.654
11745.697266 77.496
11830.811523 77.319
11916.542969 77.124
12002.894531 76.911
12089.873047 76.686
12177.480469 76.456
12265.723633 76.224
12354.606445 75.990
12444.132812 75.753
12534.308594 75.516
12625.136719 75.287
12716.624023 75.058
12808.773438 74.826
12901.591797 74.605
12995.082031 74.392
13089.250000 74.178
13184.099609 73.952
13279.636719 73.707
13375.867188 73.437
13472.793945 73.163
13570.422852 72.896
13668.759766 72.631
13767.809570 72.368
13867.577148 72.132
13968.067383 71.959
14069.285156 71.877
14171.237305 71.873
14273.927734 71.909
14377.362305 71.955
14481.546875 71.975
14586.486328 71.932
14692.185547 71.840
14798.651367 71.726
14905.888672 71.608
15013.902344 71.489
15122.700195 71.370
15232.285156 71.258
15342.664062 71.150
15453.843750 71.046
15565.829102 70.975
15678.625000 70.936
15792.239258 70.912
15906.675781 70.905
16021.942383 70.941
16138.043945 71.027
16254.986328 71.132
16372.777344 71.218
16491.421875 71.252
16610.923828 71.216
16731.294922 71.098
16852.535156 70.907
16974.656250 70.655
17097.662109 70.416
17221.558594 70.458
17346.353516 71.189
17472.052734 72.570
17598.662109 73.903
17726.189453 74.566
17854.640625 74.501
17984.021484 74.039
18114.341797 73.543
18245.605469 73.210
18377.820312 73.077
18510.994141 73.084
18645.132812 73.110
18780.242188 73.044
18916.332031 72.841
19053.408203 72.536
19191.476562 72.192
19330.546875 71.834
19470.623047 71.442
19611.714844 70.974
19753.830078 70.386
19896.974609 69.780
