20.000000 81.430
20.144928 81.399
20.290907 81.369
20.437943 81.341
20.586044 81.321
20.735220 81.308
20.885475 81.308
21.036821 81.322
21.189262 81.349
21.342808 81.390
21.497467 81.443
21.653246 81.503
21.810154 81.569
21.968201 81.634
22.127390 81.694
22.287735 81.747
22.449242 81.786
22.611917 81.811
22.775772 81.821
22.940815 81.815
23.107054 81.798
23.274498 81.771
23.443153 81.738
23.613033 81.706
23.784142 81.678
23.956491 81.660
24.130091 81.655
24.304947 81.664
24.481071 81.687
24.658470 81.722
24.837156 81.767
25.017136 81.815
25.198421 81.864
25.381020 81.907
25.564941 81.941
25.750195 81.965
25.936790 81.975
26.124741 81.973
26.314051 81.960
26.504732 81.939
26.696796 81.913
26.890253 81.886
27.085112 81.863
27.281382 81.847
27.479073 81.840
27.678198 81.845
27.878765 81.859
28.080786 81.882
28.284271 81.910
28.489231 81.938
28.695675 81.964
28.903616 81.984
29.113064 81.996
29.324028 82.000
29.536524 81.996
29.750557 81.987
29.966141 81.976
30.183289 81.964
30.402010 81.955
30.622314 81.950
30.844217 81.948
31.067726 81.951
31.292856 81.955
31.519617 81.961
31.748020 81.966
31.978081 81.970
32.209808 81.973
32.443211 81.976
32.678310 81.979
32.915108 81.982
33.153625 81.987
33.393871 81.992
33.635857 81.996
33.879597 81.999
34.125103 82.000
34.372387 81.998
34.621464 81.994
34.872345 81.990
35.125042 81.986
35.379574 81.986
35.635948 81.989
35.894180 81.997
36.154285 82.007
36.416275 82.018
36.680161 82.027
36.945961 82.034
37.213688 82.037
37.483353 82.036
37.754974 82.034
38.028561 82.032
38.304131 82.033
38.581699 82.038
38.861279 82.047
39.142883 82.058
39.426529 82.069
39.712231 82.079
40.000000 82.085
40.289856 82.088
40.581814 82.088
40.875885 82.087
41.172089 82.085
41.470440 82.085
41.770950 82.086
42.073643 82.088
42.378525 82.091
42.685616 82.093
42.994934 82.094
43.306492 82.094
43.620308 82.090
43.936401 82.085
44.254780 82.079
44.575470 82.071
44.898483 82.065
45.223835 82.061
45.551544 82.061
45.881630 82.064
46.214108 82.070
46.548996 82.077
46.886307 82.083
47.226067 82.087
47.568283 82.088
47.912983 82.089
48.260181 82.090
48.609894 82.093
48.962143 82.097
49.316940 82.100
49.674313 82.101
50.034271 82.101
50.396843 82.100
50.762039 82.097
51.129883 82.094
51.500389 82.089
51.873581 82.083
52.249481 82.077
52.628101 82.072
53.009464 82.070
53.393593 82.068
53.780506 82.067
54.170223 82.065
54.562763 82.066
54.958145 82.070
55.356396 82.077
55.757530 82.083
56.161572 82.082
56.568542 82.073
56.978462 82.063
57.391350 82.057
57.807232 82.060
58.226128 82.066
58.648056 82.069
59.073048 82.063
59.501114 82.051
59.932281 82.041
60.366577 82.034
60.804020 82.029
61.244629 82.020
61.688435 82.009
62.135452 81.998
62.585712 81.992
63.039234 81.990
63.496040 81.989
63.956161 81.986
64.419617 81.982
64.886421 81.978
65.356621 81.975
65.830215 81.970
66.307251 81.961
66.787743 81.952
67.271713 81.946
67.759193 81.945
68.250206 81.944
68.744774 81.940
69.242928 81.935
69.744690 81.931
70.250084 81.928
70.759148 81.922
71.271896 81.908
71.788361 81.891
72.308571 81.875
72.832550 81.863
73.360321 81.850
73.891922 81.834
74.427376 81.815
74.966705 81.799
75.509949 81.787
76.057121 81.778
76.608261 81.772
77.163399 81.766
77.722557 81.759
78.285767 81.749
78.853058 81.734
79.424461 81.716
80.000000 81.698
80.579712 81.684
81.163628 81.672
81.751770 81.652
82.344177 81.623
82.940880 81.593
83.541901 81.578
84.147285 81.578
84.757050 81.580
85.371231 81.576
85.989868 81.569
86.612984 81.571
87.240616 81.583
87.872803 81.600
88.509560 81.619
89.150940 81.640
89.796967 81.670
90.447670 81.721
91.103088 81.792
91.763260 81.865
92.428215 81.931
93.097992 81.994
93.772614 82.050
94.452133 82.095
95.136566 82.126
95.825966 82.144
96.520363 82.156
97.219788 82.175
97.924286 82.192
98.633881 82.199
99.348625 82.192
100.068542 82.170
100.793686 82.147
101.524078 82.147
102.259766 82.152
103.000778 82.138
103.747162 82.121
104.498962 82.096
105.256203 82.065
106.018929 82.051
106.787186 82.039
107.561012 82.028
108.340446 82.033
109.125526 82.019
109.916290 81.994
110.712791 81.998
111.515060 81.988
112.323143 81.964
113.137085 81.959
113.956924 81.935
114.782700 81.919
115.614464 81.936
116.452255 81.930
117.296112 81.947
118.146095 81.992
119.002228 81.990
119.864563 82.004
120.733154 82.038
121.608040 82.027
122.489258 82.043
123.376869 82.074
124.270905 82.062
125.171425 82.087
126.078468 82.122
126.992081 82.110
127.912323 82.132
128.839233 82.148
129.772842 82.117
130.713242 82.125
131.660431 82.138
132.614502 82.120
133.575485 82.136
134.543427 82.141
135.518387 82.105
136.500412 82.103
137.489548 82.101
138.485855 82.061
139.489380 82.054
140.500168 82.055
141.518295 82.021
142.543793 82.012
143.576721 82.022
144.617142 81.992
145.665100 81.971
146.720642 81.976
147.783844 81.952
148.854752 81.923
149.933411 81.925
151.019897 81.908
152.114243 81.879
153.216522 81.879
154.326797 81.874
155.445114 81.848
156.571533 81.843
157.706116 81.847
158.848923 81.820
160.000000 81.793
161.159424 81.785
162.327255 81.767
163.503540 81.734
164.688354 81.718
165.881760 81.705
167.083801 81.676
168.294571 81.646
169.514099 81.629
170.742462 81.610
171.979736 81.578
173.225967 81.547
174.481232 81.527
175.745605 81.504
177.019119 81.470
178.301880 81.436
179.593933 81.410
180.895340 81.390
182.206177 81.365
183.526520 81.337
184.856430 81.317
186.195984 81.303
187.545227 81.280
188.904266 81.243
190.273132 81.205
191.651932 81.180
193.040726 81.161
194.439575 81.136
195.848572 81.100
197.267761 81.071
198.697250 81.057
200.137085 81.045
201.587372 81.017
203.048157 80.979
204.519531 80.956
206.001556 80.960
207.494324 80.975
208.997925 80.979
210.512405 80.955
212.037857 80.922
213.574371 80.910
215.122025 80.935
216.680893 80.979
218.251053 81.007
219.832581 81.005
221.425583 80.979
223.030121 80.953
224.646286 80.943
226.274170 80.948
227.913849 80.961
229.565399 80.964
231.228928 80.944
232.904510 80.910
234.592224 80.866
236.292191 80.821
238.004456 80.788
239.729126 80.764
241.466309 80.743
243.216080 80.723
244.978516 80.698
246.753738 80.668
248.541809 80.638
250.342850 80.609
252.156937 80.579
253.984161 80.550
255.824646 80.526
257.678467 80.500
259.545685 80.475
261.426483 80.449
263.320862 80.414
265.229004 80.375
267.150970 80.339
269.086853 80.305
271.036774 80.271
273.000824 80.238
274.979095 80.205
276.971710 80.174
278.978760 80.142
281.000336 80.110
283.036591 80.081
285.087585 80.053
287.153442 80.026
289.234283 79.999
291.330200 79.971
293.441284 79.937
295.567688 79.895
297.709503 79.850
299.866821 79.810
302.039795 79.779
304.228485 79.754
306.433044 79.726
308.653595 79.690
310.890228 79.653
313.143066 79.616
315.412231 79.583
317.697845 79.552
320.000000 79.521
322.318848 79.489
324.654510 79.455
327.007080 79.420
329.376709 79.387
331.763519 79.354
334.167603 79.323
336.589142 79.293
339.028198 79.263
341.484924 79.230
343.959473 79.196
346.451935 79.163
348.962463 79.129
351.491211 79.096
354.038239 79.063
356.603760 79.030
359.187866 78.996
361.790680 78.963
364.412354 78.929
367.053040 78.895
369.712860 78.859
372.391968 78.823
375.090454 78.787
377.808533 78.751
380.546265 78.715
383.303864 78.679
386.081451 78.645
388.879150 78.611
391.697144 78.574
394.535522 78.534
397.394501 78.494
400.274170 78.453
403.174744 78.414
406.096313 78.376
409.039062 78.339
412.003113 78.302
414.988647 78.264
417.995850 78.226
421.024811 78.188
424.075714 78.151
427.148743 78.113
430.244049 78.073
433.361786 78.034
436.502106 77.998
439.665161 77.964
442.851166 77.929
446.060242 77.892
449.292572 77.855
452.548340 77.819
455.827698 77.783
459.130798 77.744
462.457855 77.704
465.809021 77.664
469.184448 77.628
472.584381 77.594
476.008911 77.561
479.458252 77.524
482.932617 77.486
486.432159 77.449
489.957031 77.412
493.507477 77.376
497.083618 77.340
500.685699 77.304
504.313873 77.268
507.968323 77.231
511.649292 77.195
515.356934 77.160
519.091370 77.126
522.852966 77.092
526.641724 77.056
530.458008 77.017
534.301941 76.975
538.173706 76.932
542.073547 76.895
546.001648 76.861
549.958191 76.824
553.943420 76.784
557.957520 76.744
562.000671 76.705
566.073181 76.666
570.175171 76.627
574.306885 76.588
578.468567 76.549
582.660400 76.512
586.882568 76.476
591.135376 76.440
595.419006 76.401
599.733643 76.359
604.079590 76.316
608.456970 76.274
612.866089 76.233
617.307190 76.194
621.780457 76.153
626.286133 76.113
630.824463 76.073
635.395691 76.033
640.000000 75.993
644.637695 75.954
649.309021 75.916
654.014160 75.880
658.753418 75.844
663.527039 75.807
668.335205 75.771
673.178284 75.735
678.056396 75.699
682.969849 75.665
687.918945 75.631
692.903870 75.599
697.924927 75.568
702.982422 75.537
708.076477 75.506
713.207520 75.476
718.375732 75.446
723.581360 75.415
728.824707 75.382
734.106079 75.350
739.425720 75.319
744.783936 75.289
750.180908 75.259
755.617065 75.228
761.092529 75.196
766.607727 75.165
772.162903 75.134
777.758301 75.104
783.394287 75.073
789.071045 75.044
794.789001 75.014
800.548340 74.986
806.349487 74.958
812.192627 74.932
818.078125 74.906
824.006226 74.881
829.977295 74.858
835.991699 74.836
842.049622 74.816
848.151428 74.798
854.297485 74.782
860.488098 74.767
866.723572 74.752
873.004211 74.738
879.330322 74.726
885.702332 74.716
892.120483 74.707
898.585144 74.699
905.096680 74.692
911.655396 74.687
918.261597 74.683
924.915710 74.681
931.618042 74.680
938.368896 74.682
945.168762 74.686
952.017822 74.692
958.916504 74.700
965.865234 74.711
972.864319 74.724
979.914062 74.739
987.014954 74.755
994.167236 74.773
1001.371399 74.791
1008.627747 74.812
1015.936646 74.833
1023.298584 74.854
1030.713867 74.876
1038.182739 74.897
1045.705933 74.920
1053.283447 74.944
1060.916016 74.969
1068.603882 74.994
1076.347412 75.020
1084.147095 75.047
1092.003296 75.075
1099.916382 75.104
1107.886841 75.133
1115.915039 75.162
1124.001343 75.191
1132.146362 75.222
1140.350342 75.253
1148.613770 75.285
1156.937134 75.316
1165.320801 75.348
1173.765137 75.380
1182.270752 75.411
1190.838013 75.441
1199.467285 75.470
1208.159180 75.498
1216.913940 75.526
1225.732178 75.553
1234.614380 75.579
1243.560913 75.604
1252.572266 75.630
1261.648926 75.654
1270.791382 75.678
1280.000000 75.702
1289.275391 75.726
1298.618042 75.750
1308.028320 75.773
1317.506836 75.794
1327.054077 75.815
1336.670410 75.834
1346.356567 75.854
1356.112793 75.871
1365.939697 75.886
1375.837891 75.900
1385.807739 75.913
1395.849854 75.927
1405.964844 75.940
1416.152954 75.953
1426.415039 75.964
1436.751465 75.975
1447.162720 75.984
1457.649414 75.993
1468.212158 76.001
1478.851440 76.008
1489.567871 76.016
1500.361816 76.024
1511.234131 76.032
1522.185059 76.039
1533.215454 76.045
1544.325806 76.051
1555.516602 76.058
1566.788574 76.065
1578.142090 76.072
1589.578003 76.081
1601.096680 76.092
1612.698975 76.103
1624.385254 76.113
1636.156250 76.123
1648.012451 76.135
1659.954590 76.148
1671.983398 76.160
1684.099243 76.171
1696.302856 76.182
1708.594971 76.195
1720.976196 76.210
1733.447144 76.225
1746.008423 76.239
1758.660645 76.252
1771.404663 76.269
1784.240967 76.287
1797.170288 76.308
1810.193359 76.332
1823.310791 76.362
1836.523193 76.400
1849.831421 76.446
1863.236084 76.503
1876.737793 76.575
1890.337524 76.664
1904.035645 76.768
1917.833008 76.883
1931.730469 77.005
1945.728638 77.131
1959.828125 77.256
1974.029907 77.375
1988.334473 77.486
2002.742798 77.589
2017.255493 77.684
2031.873291 77.772
2046.597168 77.855
2061.427734 77.936
2076.365479 78.016
2091.411865 78.095
2106.566895 78.174
2121.832031 78.255
2137.207764 78.337
2152.694824 78.421
2168.294189 78.507
2184.006592 78.595
2199.832764 78.686
2215.773682 78.780
2231.830078 78.877
2248.002686 78.976
2264.292725 79.078
2280.700684 79.182
2297.227539 79.289
2313.874268 79.399
2330.641602 79.512
2347.530273 79.628
2364.541504 79.747
2381.676025 79.870
2398.934570 79.996
2416.318359 80.124
2433.827881 80.255
2451.464355 80.389
2469.228760 80.526
2487.121826 80.665
2505.144531 80.807
2523.297852 80.952
2541.582764 81.099
2560.000000 81.248
2578.550781 81.398
2597.236084 81.549
2616.056641 81.701
2635.013672 81.853
2654.108154 82.006
2673.340820 82.159
2692.713135 82.311
2712.225586 82.463
2731.879395 82.613
2751.675781 82.762
2771.615479 82.908
2791.699707 83.050
2811.929688 83.187
2832.305908 83.318
2852.830078 83.439
2873.502930 83.550
2894.325439 83.648
2915.298828 83.732
2936.424316 83.800
2957.702881 83.854
2979.135742 83.892
3000.723633 83.915
3022.468262 83.922
3044.370117 83.915
3066.430908 83.893
3088.651611 83.857
3111.033203 83.809
3133.577148 83.748
3156.284180 83.676
3179.156006 83.594
3202.193359 83.502
3225.397949 83.401
3248.770508 83.293
3272.312500 83.178
3296.024902 83.056
3319.909180 82.928
3343.966797 82.793
3368.198486 82.652
3392.605713 82.503
3417.189941 82.345
3441.952393 82.178
3466.894287 82.001
3492.016846 81.816
3517.321289 81.623
3542.809326 81.425
3568.481934 81.229
3594.340576 81.036
3620.386719 80.852
3646.621582 80.679
3673.046387 80.518
3699.662842 80.370
3726.472168 80.233
3753.475586 80.106
3780.675049 79.989
3808.071289 79.881
3835.666016 79.781
3863.460938 79.688
3891.457275 79.602
3919.656250 79.521
3948.059814 79.445
3976.668945 79.374
4005.485596 79.306
4034.510986 79.241
4063.746582 79.180
4093.194336 79.123
4122.855469 79.069
4152.730957 79.018
4182.823730 78.971
4213.133789 78.929
4243.664062 78.891
4274.415527 78.857
4305.389648 78.827
4336.588379 78.801
4368.013184 78.779
4399.665527 78.761
4431.547363 78.747
4463.660156 78.736
4496.005371 78.727
4528.585449 78.719
4561.401367 78.712
4594.455078 78.705
4627.748535 78.697
4661.283203 78.686
4695.060547 78.671
4729.083008 78.652
4763.352051 78.626
4797.869141 78.587
4832.636719 78.518
4867.655762 78.366
4902.928711 78.100
4938.457520 77.817
4974.243652 77.625
5010.289062 77.536
5046.595703 77.505
5083.165527 77.499
5120.000000 77.496
5157.101562 77.475
5194.472168 77.433
5232.113281 77.371
5270.027344 77.289
5308.216309 77.187
5346.681641 77.064
5385.426270 76.924
5424.451172 76.767
5463.758789 76.598
5503.351562 76.420
5543.230957 76.234
5583.399414 76.042
5623.859375 75.846
5664.611816 75.648
5705.660156 75.448
5747.005859 75.247
5788.650879 75.049
5830.597656 74.854
5872.848633 74.662
5915.405762 74.474
5958.271484 74.291
6001.447266 74.115
6044.936523 73.945
6088.740234 73.783
6132.861816 73.629
6177.303223 73.483
6222.066406 73.347
6267.154297 73.222
6312.568359 73.108
6358.312012 73.006
6404.386719 72.917
6450.795898 72.841
6497.541016 72.780
6544.625000 72.734
6592.049805 72.704
6639.818359 72.691
6687.933594 72.696
6736.396973 72.719
6785.211426 72.762
6834.379883 72.826
6883.904785 72.911
6933.788574 73.020
6984.033691 73.153
7034.642578 73.313
7085.618652 73.502
7136.963867 73.720
7188.681152 73.976
7240.773438 74.280
7293.243164 74.632
7346.092773 75.019
7399.325684 75.439
7452.944336 75.894
7506.951172 76.388
7561.350098 76.912
7616.142578 77.452
7671.332031 77.982
7726.921875 78.465
7782.914551 78.854
7839.312500 79.094
7896.119629 79.140
7953.337891 78.961
8010.971191 78.557
8069.021973 77.953
8127.493164 77.193
8186.388672 76.328
8245.710938 75.405
8305.461914 74.461
8365.647461 73.521
8426.267578 72.601
8487.328125 71.706
8548.831055 70.838
8610.779297 69.992
8673.176758 69.157
8736.026367 68.317
8799.331055 67.449
8863.094727 66.511
8927.320312 65.451
8992.010742 64.277
9057.170898 63.555
9122.802734 64.915
9188.910156 67.904
9255.497070 70.103
9322.566406 70.759
9390.121094 70.314
9458.166016 69.451
9526.704102 68.597
9595.738281 67.905
9665.273438 67.382
9735.311523 66.991
9805.857422 66.699
9876.915039 66.483
9948.487305 66.329
10020.578125 66.228
10093.191406 66.174
10166.331055 66.163
10240.000000 66.191
10314.203125 66.255
10388.944336 66.353
10464.226562 66.480
10540.054688 66.633
10616.432617 66.807
10693.363281 66.997
10770.852539 67.194
10848.902344 67.391
10927.517578 67.577
11006.703125 67.745
11086.461914 67.885
11166.798828 67.989
11247.718750 68.049
11329.223633 68.059
11411.320312 68.018
11494.011719 67.930
11577.301758 67.802
11661.195312 67.646
11745.697266 67.472
11830.811523 67.293
11916.542969 67.121
12002.894531 66.968
12089.873047 66.845
12177.480469 66.759
12265.723633 66.717
12354.606445 66.726
12444.132812 66.791
12534.308594 66.912
12625.136719 67.087
12716.624023 67.309
12808.773438 67.563
12901.591797 67.823
12995.082031 68.051
13089.250000 68.197
13184.099609 68.210
13279.636719 68.041
13375.867188 67.666
13472.793945 67.084
13570.422852 66.326
13668.759766 65.437
13767.809570 64.471
13867.577148 63.475
13968.067383 62.488
14069.285156 61.535
14171.237305 60.630
14273.927734 59.783
14377.362305 58.995
14481.546875 58.269
14586.486328 57.603
14692.185547 56.998
14798.651367 56.453
14905.888672 55.968
15013.902344 55.539
15122.700195 55.167
15232.285156 54.852
15342.664062 54.595
15453.843750 54.398
15565.829102 54.262
15678.625000 54.194
15792.239258 54.205
15906.675781 54.308
16021.942383 54.516
16138.043945 54.842
16254.986328 55.295
16372.777344 55.890
16491.421875 56.644
16610.923828 57.559
16731.294922 58.601
16852.535156 59.659
16974.656250 60.534
17097.662109 60.980
17221.558594 60.807
17346.353516 59.976
17472.052734 58.618
17598.662109 56.959
17726.189453 55.223
17854.640625 53.563
17984.021484 52.046
18114.341797 50.682
18245.605469 49.458
18377.820312 48.349
18510.994141 47.328
18645.132812 46.364
18780.242188 45.437
18916.332031 44.527
19053.408203 43.613
19191.476562 42.680
19330.546875 41.734
19470.623047 40.795
19611.714844 39.892
19753.830078 39.062
19896.974609 38.410
