20.000000 84.842
20.144928 84.876
20.290907 84.910
20.437943 84.943
20.586044 84.976
20.735220 85.008
20.885475 85.039
21.036821 85.070
21.189262 85.100
21.342808 85.129
21.497467 85.157
21.653246 85.185
21.810154 85.213
21.968201 85.241
22.127390 85.269
22.287735 85.298
22.449242 85.325
22.611917 85.353
22.775772 85.380
22.940815 85.406
23.107054 85.431
23.274498 85.455
23.443153 85.478
23.613033 85.502
23.784142 85.525
23.956491 85.549
24.130091 85.573
24.304947 85.598
24.481071 85.624
24.658470 85.651
24.837156 85.678
25.017136 85.705
25.198421 85.731
25.381020 85.756
25.564941 85.780
25.750195 85.803
25.936790 85.825
26.124741 85.846
26.314051 85.867
26.504732 85.888
26.696796 85.911
26.890253 85.935
27.085112 85.960
27.281382 85.987
27.479073 86.014
27.678198 86.041
27.878765 86.067
28.080786 86.092
28.284271 86.115
28.489231 86.136
28.695675 86.155
28.903616 86.173
29.113064 86.189
29.324028 86.205
29.536524 86.221
29.750557 86.237
29.966141 86.254
30.183289 86.272
30.402010 86.290
30.622314 86.309
30.844217 86.328
31.067726 86.346
31.292856 86.363
31.519617 86.380
31.748020 86.396
31.978081 86.410
32.209808 86.424
32.443211 86.437
32.678310 86.448
32.915108 86.459
33.153625 86.470
33.393871 86.480
33.635857 86.492
33.879597 86.506
34.125103 86.521
34.372387 86.537
34.621464 86.555
34.872345 86.572
35.125042 86.588
35.379574 86.602
35.635948 86.615
35.894180 86.627
36.154285 86.638
36.416275 86.650
36.680161 86.664
36.945961 86.679
37.213688 86.695
37.483353 86.711
37.754974 86.726
38.028561 86.739
38.304131 86.751
38.581699 86.760
38.861279 86.769
39.142883 86.777
39.426529 86.785
39.712231 86.792
40.000000 86.799
40.289856 86.804
40.581814 86.809
40.875885 86.814
41.172089 86.819
41.470440 86.825
41.770950 86.832
42.073643 86.839
42.378525 86.845
42.685616 86.850
42.994934 86.854
43.306492 86.859
43.620308 86.866
43.936401 86.875
44.254780 86.886
44.575470 86.896
44.898483 86.906
45.223835 86.915
45.551544 86.921
45.881630 86.927
46.214108 86.932
46.548996 86.936
46.886307 86.941
47.226067 86.945
47.568283 86.949
47.912983 86.951
48.260181 86.954
48.609894 86.957
48.962143 86.959
49.316940 86.961
49.674313 86.962
50.034271 86.961
50.396843 86.959
50.762039 86.955
51.129883 86.952
51.500389 86.950
51.873581 86.949
52.249481 86.950
52.628101 86.951
53.009464 86.950
53.393593 86.947
53.780506 86.943
54.170223 86.940
54.562763 86.939
54.958145 86.940
55.356396 86.942
55.757530 86.942
56.161572 86.940
56.568542 86.936
56.978462 86.932
57.391350 86.929
57.807232 86.928
58.226128 86.928
58.648056 86.929
59.073048 86.929
59.501114 86.927
59.932281 86.925
60.366577 86.923
60.804020 86.922
61.244629 86.918
61.688435 86.910
62.135452 86.898
62.585712 86.885
63.039234 86.875
63.496040 86.869
63.956161 86.865
64.419617 86.861
64.886421 86.858
65.356621 86.854
65.830215 86.849
66.307251 86.844
66.787743 86.837
67.271713 86.829
67.759193 86.822
68.250206 86.814
68.744774 86.805
69.242928 86.793
69.744690 86.781
70.250084 86.769
70.759148 86.759
71.271896 86.751
71.788361 86.743
72.308571 86.733
72.832550 86.723
73.360321 86.714
73.891922 86.706
74.427376 86.700
74.966705 86.692
75.509949 86.682
76.057121 86.669
76.608261 86.656
77.163399 86.645
77.722557 86.634
78.285767 86.625
78.853058 86.614
79.424461 86.602
80.000000 86.589
80.579712 86.576
81.163628 86.563
81.751770 86.550
82.344177 86.534
82.940880 86.516
83.541901 86.497
84.147285 86.478
84.757050 86.461
85.371231 86.444
85.989868 86.428
86.612984 86.412
87.240616 86.399
87.872803 86.388
88.509560 86.376
89.150940 86.361
89.796967 86.345
90.447670 86.328
91.103088 86.313
91.763260 86.300
92.428215 86.288
93.097992 86.274
93.772614 86.258
94.452133 86.239
95.136566 86.219
95.825966 86.198
96.520363 86.176
97.219788 86.156
97.924286 86.137
98.633881 86.120
99.348625 86.103
100.068542 86.084
100.793686 86.062
101.524078 86.040
102.259766 86.019
103.000778 86.000
103.747162 85.981
104.498962 85.962
105.256203 85.943
106.018929 85.924
106.787186 85.903
107.561012 85.885
108.340446 85.867
109.125526 85.849
109.916290 85.828
110.712791 85.805
111.515060 85.781
112.323143 85.759
113.137085 85.738
113.956924 85.718
114.782700 85.697
115.614464 85.675
116.452255 85.653
117.296112 85.630
118.146095 85.606
119.002228 85.582
119.864563 85.557
120.733154 85.532
121.608040 85.509
122.489258 85.489
123.376869 85.468
124.270905 85.446
125.171425 85.421
126.078468 85.395
126.992081 85.367
127.912323 85.338
128.839233 85.309
129.772842 85.282
130.713242 85.256
131.660431 85.232
132.614502 85.210
133.575485 85.188
134.543427 85.165
135.518387 85.140
136.500412 85.114
137.489548 85.086
138.485855 85.056
139.489380 85.027
140.500168 84.999
141.518295 84.971
142.543793 84.943
143.576721 84.915
144.617142 84.888
145.665100 84.861
146.720642 84.833
147.783844 84.806
148.854752 84.778
149.933411 84.749
151.019897 84.721
152.114243 84.694
153.216522 84.667
154.326797 84.641
155.445114 84.616
156.571533 84.593
157.706116 84.570
158.848923 84.547
160.000000 84.524
161.159424 84.500
162.327255 84.476
163.503540 84.453
164.688354 84.431
165.881760 84.411
167.083801 84.393
168.294571 84.377
169.514099 84.361
170.742462 84.344
171.979736 84.326
173.225967 84.307
174.481232 84.285
175.745605 84.259
177.019119 84.228
178.301880 84.193
179.593933 84.154
180.895340 84.112
182.206177 84.066
183.526520 84.016
184.856430 83.964
186.195984 83.911
187.545227 83.859
188.904266 83.810
190.273132 83.763
191.651932 83.720
193.040726 83.679
194.439575 83.641
195.848572 83.607
197.267761 83.577
198.697250 83.549
200.137085 83.525
201.587372 83.503
203.048157 83.485
204.519531 83.469
206.001556 83.453
207.494324 83.436
208.997925 83.417
210.512405 83.396
212.037857 83.372
213.574371 83.346
215.122025 83.319
216.680893 83.292
218.251053 83.265
219.832581 83.238
221.425583 83.209
223.030121 83.180
224.646286 83.151
226.274170 83.124
227.913849 83.098
229.565399 83.069
231.228928 83.039
232.904510 83.007
234.592224 82.973
236.292191 82.939
238.004456 82.905
239.729126 82.872
241.466309 82.841
243.216080 82.813
244.978516 82.786
246.753738 82.760
248.541809 82.734
250.342850 82.707
252.156937 82.679
253.984161 82.648
255.824646 82.616
257.678467 82.583
259.545685 82.552
261.426483 82.522
263.320862 82.493
265.229004 82.465
267.150970 82.437
269.086853 82.408
271.036774 82.378
273.000824 82.348
274.979095 82.317
276.971710 82.287
278.978760 82.259
281.000336 82.231
283.036591 82.203
285.087585 82.171
287.153442 82.139
289.234283 82.108
291.330200 82.081
293.441284 82.057
295.567688 82.033
297.709503 82.007
299.866821 81.978
302.039795 81.949
304.228485 81.921
306.433044 81.893
308.653595 81.865
310.890228 81.837
313.143066 81.809
315.412231 81.781
317.697845 81.752
320.000000 81.722
322.318848 81.693
324.654510 81.666
327.007080 81.639
329.376709 81.612
331.763519 81.586
334.167603 81.561
336.589142 81.537
339.028198 81.512
341.484924 81.484
343.959473 81.454
346.451935 81.424
348.962463 81.397
351.491211 81.371
354.038239 81.344
356.603760 81.317
359.187866 81.291
361.790680 81.264
364.412354 81.236
367.053040 81.207
369.712860 81.180
372.391968 81.156
375.090454 81.132
377.808533 81.108
380.546265 81.084
383.303864 81.059
386.081451 81.032
388.879150 81.005
391.697144 80.979
394.535522 80.954
397.394501 80.929
400.274170 80.904
403.174744 80.878
406.096313 80.851
409.039062 80.823
412.003113 80.795
414.988647 80.769
417.995850 80.742
421.024811 80.715
424.075714 80.691
427.148743 80.668
430.244049 80.645
433.361786 80.622
436.502106 80.599
439.665161 80.579
442.851166 80.563
446.060242 80.552
449.292572 80.546
452.548340 80.545
455.827698 80.549
459.130798 80.555
462.457855 80.562
465.809021 80.568
469.184448 80.571
472.584381 80.568
476.008911 80.562
479.458252 80.555
482.932617 80.547
486.432159 80.536
489.957031 80.522
493.507477 80.503
497.083618 80.481
500.685699 80.459
504.313873 80.437
507.968323 80.417
511.649292 80.398
515.356934 80.380
519.091370 80.362
522.852966 80.345
526.641724 80.329
530.458008 80.314
534.301941 80.300
538.173706 80.284
542.073547 80.269
546.001648 80.253
549.958191 80.239
553.943420 80.223
557.957520 80.207
562.000671 80.193
566.073181 80.181
570.175171 80.172
574.306885 80.163
578.468567 80.152
582.660400 80.138
586.882568 80.123
591.135376 80.108
595.419006 80.095
599.733643 80.082
604.079590 80.069
608.456970 80.057
612.866089 80.045
617.307190 80.034
621.780457 80.025
626.286133 80.017
630.824463 80.010
635.395691 80.005
640.000000 79.999
644.637695 79.993
649.309021 79.987
654.014160 79.979
658.753418 79.972
663.527039 79.965
668.335205 79.961
673.178284 79.959
678.056396 79.956
682.969849 79.952
687.918945 79.948
692.903870 79.945
697.924927 79.941
702.982422 79.939
708.076477 79.939
713.207520 79.941
718.375732 79.942
723.581360 79.942
728.824707 79.944
734.106079 79.947
739.425720 79.952
744.783936 79.956
750.180908 79.958
755.617065 79.961
761.092529 79.966
766.607727 79.974
772.162903 79.984
777.758301 79.995
783.394287 80.007
789.071045 80.018
794.789001 80.029
800.548340 80.041
806.349487 80.053
812.192627 80.066
818.078125 80.078
824.006226 80.089
829.977295 80.100
835.991699 80.113
842.049622 80.127
848.151428 80.146
854.297485 80.169
860.488098 80.195
866.723572 80.222
873.004211 80.247
879.330322 80.268
885.702332 80.285
892.120483 80.299
898.585144 80.315
905.096680 80.337
911.655396 80.367
918.261597 80.405
924.915710 80.447
931.618042 80.489
938.368896 80.530
945.168762 80.572
952.017822 80.614
958.916504 80.657
965.865234 80.701
972.864319 80.744
979.914062 80.785
987.014954 80.823
994.167236 80.859
1001.371399 80.894
1008.627747 80.929
1015.936646 80.965
1023.298584 81.001
1030.713867 81.039
1038.182739 81.080
1045.705933 81.125
1053.283447 81.173
1060.916016 81.223
1068.603882 81.274
1076.347412 81.327
1084.147095 81.384
1092.003296 81.446
1099.916382 81.511
1107.886841 81.579
1115.915039 81.648
1124.001343 81.716
1132.146362 81.784
1140.350342 81.850
1148.613770 81.914
1156.937134 81.973
1165.320801 82.028
1173.765137 82.081
1182.270752 82.132
1190.838013 82.182
1199.467285 82.232
1208.159180 82.279
1216.913940 82.326
1225.732178 82.372
1234.614380 82.419
1243.560913 82.466
1252.572266 82.512
1261.648926 82.559
1270.791382 82.605
1280.000000 82.651
1289.275391 82.698
1298.618042 82.746
1308.028320 82.795
1317.506836 82.846
1327.054077 82.896
1336.670410 82.946
1346.356567 82.995
1356.112793 83.045
1365.939697 83.096
1375.837891 83.147
1385.807739 83.198
1395.849854 83.248
1405.964844 83.299
1416.152954 83.352
1426.415039 83.407
1436.751465 83.463
1447.162720 83.521
1457.649414 83.582
1468.212158 83.644
1478.851440 83.708
1489.567871 83.774
1500.361816 83.840
1511.234131 83.905
1522.185059 83.970
1533.215454 84.035
1544.325806 84.098
1555.516602 84.161
1566.788574 84.222
1578.142090 84.281
1589.578003 84.340
1601.096680 84.399
1612.698975 84.457
1624.385254 84.515
1636.156250 84.572
1648.012451 84.628
1659.954590 84.684
1671.983398 84.740
1684.099243 84.795
1696.302856 84.852
1708.594971 84.909
1720.976196 84.966
1733.447144 85.023
1746.008423 85.078
1758.660645 85.133
1771.404663 85.188
1784.240967 85.242
1797.170288 85.297
1810.193359 85.352
1823.310791 85.408
1836.523193 85.464
1849.831421 85.521
1863.236084 85.579
1876.737793 85.639
1890.337524 85.699
1904.035645 85.759
1917.833008 85.820
1931.730469 85.883
1945.728638 85.948
1959.828125 86.015
1974.029907 86.082
1988.334473 86.150
2002.742798 86.218
2017.255493 86.287
2031.873291 86.356
2046.597168 86.425
2061.427734 86.494
2076.365479 86.564
2091.411865 86.634
2106.566895 86.704
2121.832031 86.773
2137.207764 86.842
2152.694824 86.909
2168.294189 86.977
2184.006592 87.044
2199.832764 87.112
2215.773682 87.182
2231.830078 87.253
2248.002686 87.328
2264.292725 87.407
2280.700684 87.490
2297.227539 87.575
2313.874268 87.662
2330.641602 87.749
2347.530273 87.834
2364.541504 87.916
2381.676025 87.997
2398.934570 88.074
2416.318359 88.150
2433.827881 88.225
2451.464355 88.299
2469.228760 88.371
2487.121826 88.442
2505.144531 88.510
2523.297852 88.577
2541.582764 88.643
2560.000000 88.707
2578.550781 88.769
2597.236084 88.829
2616.056641 88.887
2635.013672 88.944
2654.108154 88.998
2673.340820 89.051
2692.713135 89.102
2712.225586 89.151
2731.879395 89.197
2751.675781 89.242
2771.615479 89.284
2791.699707 89.323
2811.929688 89.361
2832.305908 89.396
2852.830078 89.429
2873.502930 89.459
2894.325439 89.487
2915.298828 89.513
2936.424316 89.536
2957.702881 89.557
2979.135742 89.577
3000.723633 89.595
3022.468262 89.610
3044.370117 89.623
3066.430908 89.635
3088.651611 89.645
3111.033203 89.654
3133.577148 89.660
3156.284180 89.665
3179.156006 89.666
3202.193359 89.665
3225.397949 89.661
3248.770508 89.655
3272.312500 89.646
3296.024902 89.635
3319.909180 89.620
3343.966797 89.602
3368.198486 89.582
3392.605713 89.561
3417.189941 89.539
3441.952393 89.520
3466.894287 89.504
3492.016846 89.492
3517.321289 89.482
3542.809326 89.477
3568.481934 89.474
3594.340576 89.473
3620.386719 89.474
3646.621582 89.474
3673.046387 89.474
3699.662842 89.472
3726.472168 89.468
3753.475586 89.461
3780.675049 89.450
3808.071289 89.435
3835.666016 89.417
3863.460938 89.394
3891.457275 89.366
3919.656250 89.333
3948.059814 89.298
3976.668945 89.262
4005.485596 89.225
4034.510986 89.186
4063.746582 89.143
4093.194336 89.094
4122.855469 89.038
4152.730957 88.976
4182.823730 88.911
4213.133789 88.845
4243.664062 88.782
4274.415527 88.728
4305.389648 88.688
4336.588379 88.664
4368.013184 88.656
4399.665527 88.661
4431.547363 88.677
4463.660156 88.701
4496.005371 88.730
4528.585449 88.763
4561.401367 88.797
4594.455078 88.833
4627.748535 88.870
4661.283203 88.905
4695.060547 88.939
4729.083008 88.972
4763.352051 89.003
4797.869141 89.031
4832.636719 89.055
4867.655762 89.074
4902.928711 89.088
4938.457520 89.096
4974.243652 89.097
5010.289062 89.090
5046.595703 89.076
5083.165527 89.056
5120.000000 89.031
5157.101562 89.000
5194.472168 88.965
5232.113281 88.927
5270.027344 88.887
5308.216309 88.848
5346.681641 88.812
5385.426270 88.779
5424.451172 88.752
5463.758789 88.729
5503.351562 88.708
5543.230957 88.685
5583.399414 88.654
5623.859375 88.612
5664.611816 88.554
5705.660156 88.480
5747.005859 88.390
5788.650879 88.283
5830.597656 88.159
5872.848633 88.020
5915.405762 87.868
5958.271484 87.704
6001.447266 87.531
6044.936523 87.352
6088.740234 87.165
6132.861816 86.974
6177.303223 86.777
6222.066406 86.576
6267.154297 86.373
6312.568359 86.169
6358.312012 85.965
6404.386719 85.761
6450.795898 85.556
6497.541016 85.352
6544.625000 85.148
6592.049805 84.946
6639.818359 84.747
6687.933594 84.550
6736.396973 84.357
6785.211426 84.167
6834.379883 83.983
6883.904785 83.806
6933.788574 83.633
6984.033691 83.464
7034.642578 83.301
7085.618652 83.144
7136.963867 82.996
7188.681152 82.856
7240.773438 82.725
7293.243164 82.602
7346.092773 82.489
7399.325684 82.388
7452.944336 82.302
7506.951172 82.236
7561.350098 82.195
7616.142578 82.178
7671.332031 82.182
7726.921875 82.210
7782.914551 82.263
7839.312500 82.339
7896.119629 82.430
7953.337891 82.522
8010.971191 82.606
8069.021973 82.676
8127.493164 82.735
8186.388672 82.787
8245.710938 82.831
8305.461914 82.866
8365.647461 82.895
8426.267578 82.922
8487.328125 82.951
8548.831055 82.982
8610.779297 83.016
8673.176758 83.053
8736.026367 83.094
8799.331055 83.138
8863.094727 83.187
8927.320312 83.238
8992.010742 83.294
9057.170898 83.357
9122.802734 83.433
9188.910156 83.527
9255.497070 83.643
9322.566406 83.782
9390.121094 83.943
9458.166016 84.120
9526.704102 84.298
9595.738281 84.461
9665.273438 84.590
9735.311523 84.667
9805.857422 84.681
9876.915039 84.626
9948.487305 84.502
10020.578125 84.315
10093.191406 84.076
10166.331055 83.796
10240.000000 83.486
10314.203125 83.157
10388.944336 82.821
10464.226562 82.487
10540.054688 82.164
10616.432617 81.860
10693.363281 81.580
10770.852539 81.329
10848.902344 81.109
10927.517578 80.919
11006.703125 80.758
11086.461914 80.625
11166.798828 80.515
11247.718750 80.425
11329.223633 80.349
11411.320312 80.282
11494.011719 80.218
11577.301758 80.156
11661.195312 80.093
11745.697266 80.024
11830.811523 79.950
11916.542969 79.874
12002.894531 79.798
12089.873047 79.725
12177.480469 79.656
12265.723633 79.597
12354.606445 79.553
12444.132812 79.527
12534.308594 79.524
12625.136719 79.549
12716.624023 79.608
12808.773438 79.704
12901.591797 79.842
12995.082031 80.021
13089.250000 80.240
13184.099609 80.496
13279.636719 80.788
13375.867188 81.122
13472.793945 81.502
13570.422852 81.924
13668.759766 82.375
13767.809570 82.825
13867.577148 83.236
13968.067383 83.568
14069.285156 83.773
14171.237305 83.804
14273.927734 83.622
14377.362305 83.214
14481.546875 82.589
14586.486328 81.772
14692.185547 80.812
14798.651367 79.765
14905.888672 78.687
15013.902344 77.618
15122.700195 76.583
15232.285156 75.597
15342.664062 74.668
15453.843750 73.805
15565.829102 73.015
15678.625000 72.298
15792.239258 71.651
15906.675781 71.077
16021.942383 70.584
16138.043945 70.172
16254.986328 69.827
16372.777344 69.528
16491.421875 69.256
16610.923828 69.004
16731.294922 68.769
16852.535156 68.558
16974.656250 68.379
17097.662109 68.238
17221.558594 68.136
17346.353516 68.066
17472.052734 68.032
17598.662109 68.046
17726.189453 68.115
17854.640625 68.245
17984.021484 68.441
18114.341797 68.710
18245.605469 69.057
18377.820312 69.488
18510.994141 70.007
18645.132812 70.601
18780.242188 71.242
18916.332031 71.882
19053.408203 72.454
19191.476562 72.873
19330.546875 73.052
19470.623047 72.928
19611.714844 72.503
19753.830078 71.879
19896.974609 71.323
