20.000000 85.532
20.144928 85.557
20.290907 85.584
20.437943 85.611
20.586044 85.639
20.735220 85.669
20.885475 85.700
21.036821 85.732
21.189262 85.765
21.342808 85.798
21.497467 85.830
21.653246 85.862
21.810154 85.893
21.968201 85.923
22.127390 85.953
22.287735 85.981
22.449242 86.009
22.611917 86.036
22.775772 86.064
22.940815 86.091
23.107054 86.119
23.274498 86.147
23.443153 86.176
23.613033 86.204
23.784142 86.233
23.956491 86.261
24.130091 86.288
24.304947 86.315
24.481071 86.341
24.658470 86.367
24.837156 86.392
25.017136 86.417
25.198421 86.442
25.381020 86.467
25.564941 86.492
25.750195 86.518
25.936790 86.543
26.124741 86.568
26.314051 86.591
26.504732 86.612
26.696796 86.632
26.890253 86.650
27.085112 86.666
27.281382 86.682
27.479073 86.697
27.678198 86.713
27.878765 86.730
28.080786 86.749
28.284271 86.769
28.489231 86.790
28.695675 86.811
28.903616 86.831
29.113064 86.850
29.324028 86.866
29.536524 86.881
29.750557 86.894
29.966141 86.907
30.183289 86.922
30.402010 86.938
30.622314 86.958
30.844217 86.980
31.067726 87.003
31.292856 87.027
31.519617 87.049
31.748020 87.068
31.978081 87.083
32.209808 87.095
32.443211 87.105
32.678310 87.115
32.915108 87.127
33.153625 87.142
33.393871 87.161
33.635857 87.182
33.879597 87.203
34.125103 87.221
34.372387 87.234
34.621464 87.242
34.872345 87.244
35.125042 87.243
35.379574 87.242
35.635948 87.243
35.894180 87.249
36.154285 87.262
36.416275 87.280
36.680161 87.302
36.945961 87.324
37.213688 87.345
37.483353 87.362
37.754974 87.374
38.028561 87.380
38.304131 87.383
38.581699 87.383
38.861279 87.382
39.142883 87.383
39.426529 87.385
39.712231 87.390
40.000000 87.398
40.289856 87.408
40.581814 87.419
40.875885 87.430
41.172089 87.440
41.470440 87.450
41.770950 87.457
42.073643 87.463
42.378525 87.468
42.685616 87.471
42.994934 87.475
43.306492 87.478
43.620308 87.479
43.936401 87.479
44.254780 87.476
44.575470 87.471
44.898483 87.465
45.223835 87.461
45.551544 87.462
45.881630 87.470
46.214108 87.484
46.548996 87.503
46.886307 87.523
47.226067 87.538
47.568283 87.547
47.912983 87.548
48.260181 87.542
48.609894 87.531
48.962143 87.516
49.316940 87.498
49.674313 87.476
50.034271 87.451
50.396843 87.423
50.762039 87.396
51.129883 87.374
51.500389 87.363
51.873581 87.368
52.249481 87.388
52.628101 87.424
53.009464 87.471
53.393593 87.526
53.780506 87.579
54.170223 87.622
54.562763 87.646
54.958145 87.646
55.356396 87.623
55.757530 87.582
56.161572 87.537
56.568542 87.498
56.978462 87.471
57.391350 87.455
57.807232 87.444
58.226128 87.434
58.648056 87.423
59.073048 87.413
59.501114 87.406
59.932281 87.401
60.366577 87.398
60.804020 87.395
61.244629 87.390
61.688435 87.384
62.135452 87.378
62.585712 87.371
63.039234 87.362
63.496040 87.353
63.956161 87.344
64.419617 87.335
64.886421 87.328
65.356621 87.321
65.830215 87.313
66.307251 87.304
66.787743 87.294
67.271713 87.285
67.759193 87.277
68.250206 87.269
68.744774 87.260
69.242928 87.249
69.744690 87.235
70.250084 87.220
70.759148 87.204
71.271896 87.187
71.788361 87.170
72.308571 87.154
72.832550 87.139
73.360321 87.125
73.891922 87.111
74.427376 87.097
74.966705 87.082
75.509949 87.066
76.057121 87.048
76.608261 87.029
77.163399 87.011
77.722557 86.993
78.285767 86.977
78.853058 86.962
79.424461 86.947
80.000000 86.934
80.579712 86.922
81.163628 86.911
81.751770 86.898
82.344177 86.883
82.940880 86.869
83.541901 86.857
84.147285 86.845
84.757050 86.830
85.371231 86.812
85.989868 86.790
86.612984 86.764
87.240616 86.736
87.872803 86.709
88.509560 86.684
89.150940 86.660
89.796967 86.637
90.447670 86.615
91.103088 86.594
91.763260 86.576
92.428215 86.558
93.097992 86.538
93.772614 86.517
94.452133 86.495
95.136566 86.474
95.825966 86.452
96.520363 86.429
97.219788 86.407
97.924286 86.387
98.633881 86.366
99.348625 86.344
100.068542 86.318
100.793686 86.291
101.524078 86.264
102.259766 86.241
103.000778 86.221
103.747162 86.203
104.498962 86.183
105.256203 86.163
106.018929 86.142
106.787186 86.121
107.561012 86.097
108.340446 86.071
109.125526 86.044
109.916290 86.018
110.712791 85.992
111.515060 85.966
112.323143 85.941
113.137085 85.916
113.956924 85.889
114.782700 85.861
115.614464 85.830
116.452255 85.799
117.296112 85.767
118.146095 85.735
119.002228 85.703
119.864563 85.673
120.733154 85.645
121.608040 85.618
122.489258 85.589
123.376869 85.558
124.270905 85.526
125.171425 85.496
126.078468 85.466
126.992081 85.435
127.912323 85.403
128.839233 85.369
129.772842 85.334
130.713242 85.299
131.660431 85.266
132.614502 85.236
133.575485 85.207
134.543427 85.178
135.518387 85.149
136.500412 85.119
137.489548 85.088
138.485855 85.057
139.489380 85.026
140.500168 84.996
141.518295 84.963
142.543793 84.926
143.576721 84.884
144.617142 84.844
145.665100 84.808
146.720642 84.771
147.783844 84.732
148.854752 84.693
149.933411 84.654
151.019897 84.616
152.114243 84.577
153.216522 84.536
154.326797 84.492
155.445114 84.445
156.571533 84.397
157.706116 84.347
158.848923 84.298
160.000000 84.247
161.159424 84.191
162.327255 84.132
163.503540 84.071
164.688354 84.009
165.881760 83.951
167.083801 83.900
168.294571 83.860
169.514099 83.831
170.742462 83.818
171.979736 83.821
173.225967 83.840
174.481232 83.873
175.745605 83.917
177.019119 83.969
178.301880 84.029
179.593933 84.093
180.895340 84.154
182.206177 84.205
183.526520 84.242
184.856430 84.262
186.195984 84.263
187.545227 84.251
188.904266 84.229
190.273132 84.201
191.651932 84.166
193.040726 84.127
194.439575 84.086
195.848572 84.045
197.267761 84.007
198.697250 83.972
200.137085 83.940
201.587372 83.909
203.048157 83.882
204.519531 83.856
206.001556 83.831
207.494324 83.806
208.997925 83.781
210.512405 83.752
212.037857 83.720
213.574371 83.684
215.122025 83.646
216.680893 83.609
218.251053 83.574
219.832581 83.539
221.425583 83.505
223.030121 83.471
224.646286 83.436
226.274170 83.401
227.913849 83.366
229.565399 83.334
231.228928 83.303
232.904510 83.273
234.592224 83.242
236.292191 83.210
238.004456 83.175
239.729126 83.138
241.466309 83.101
243.216080 83.065
244.978516 83.031
246.753738 83.000
248.541809 82.970
250.342850 82.941
252.156937 82.912
253.984161 82.882
255.824646 82.851
257.678467 82.818
259.545685 82.786
261.426483 82.755
263.320862 82.725
265.229004 82.695
267.150970 82.663
269.086853 82.629
271.036774 82.595
273.000824 82.562
274.979095 82.530
276.971710 82.498
278.978760 82.465
281.000336 82.431
283.036591 82.398
285.087585 82.366
287.153442 82.336
289.234283 82.309
291.330200 82.284
293.441284 82.258
295.567688 82.229
297.709503 82.195
299.866821 82.160
302.039795 82.126
304.228485 82.095
306.433044 82.066
308.653595 82.038
310.890228 82.012
313.143066 81.987
315.412231 81.963
317.697845 81.937
320.000000 81.908
322.318848 81.876
324.654510 81.844
327.007080 81.815
329.376709 81.788
331.763519 81.761
334.167603 81.733
336.589142 81.703
339.028198 81.674
341.484924 81.647
343.959473 81.621
346.451935 81.597
348.962463 81.573
351.491211 81.548
354.038239 81.523
356.603760 81.496
359.187866 81.469
361.790680 81.439
364.412354 81.410
367.053040 81.381
369.712860 81.354
372.391968 81.328
375.090454 81.303
377.808533 81.280
380.546265 81.260
383.303864 81.240
386.081451 81.217
388.879150 81.190
391.697144 81.161
394.535522 81.134
397.394501 81.110
400.274170 81.086
403.174744 81.062
406.096313 81.037
409.039062 81.014
412.003113 80.994
414.988647 80.975
417.995850 80.957
421.024811 80.936
424.075714 80.913
427.148743 80.890
430.244049 80.867
433.361786 80.844
436.502106 80.821
439.665161 80.800
442.851166 80.779
446.060242 80.759
449.292572 80.740
452.548340 80.721
455.827698 80.701
459.130798 80.683
462.457855 80.665
465.809021 80.646
469.184448 80.626
472.584381 80.604
476.008911 80.581
479.458252 80.557
482.932617 80.534
486.432159 80.515
489.957031 80.499
493.507477 80.485
497.083618 80.471
500.685699 80.456
504.313873 80.438
507.968323 80.421
511.649292 80.407
515.356934 80.394
519.091370 80.382
522.852966 80.367
526.641724 80.351
530.458008 80.335
534.301941 80.322
538.173706 80.312
542.073547 80.302
546.001648 80.288
549.958191 80.270
553.943420 80.253
557.957520 80.239
562.000671 80.227
566.073181 80.215
570.175171 80.200
574.306885 80.185
578.468567 80.170
582.660400 80.158
586.882568 80.148
591.135376 80.137
595.419006 80.126
599.733643 80.115
604.079590 80.106
608.456970 80.098
612.866089 80.091
617.307190 80.081
621.780457 80.071
626.286133 80.063
630.824463 80.059
635.395691 80.057
640.000000 80.054
644.637695 80.049
649.309021 80.042
654.014160 80.034
658.753418 80.026
663.527039 80.020
668.335205 80.016
673.178284 80.014
678.056396 80.013
682.969849 80.012
687.918945 80.011
692.903870 80.010
697.924927 80.009
702.982422 80.009
708.076477 80.010
713.207520 80.012
718.375732 80.013
723.581360 80.014
728.824707 80.014
734.106079 80.015
739.425720 80.017
744.783936 80.021
750.180908 80.027
755.617065 80.036
761.092529 80.047
766.607727 80.059
772.162903 80.068
777.758301 80.076
783.394287 80.086
789.071045 80.099
794.789001 80.115
800.548340 80.130
806.349487 80.145
812.192627 80.159
818.078125 80.173
824.006226 80.186
829.977295 80.199
835.991699 80.209
842.049622 80.219
848.151428 80.233
854.297485 80.254
860.488098 80.279
866.723572 80.307
873.004211 80.333
879.330322 80.355
885.702332 80.371
892.120483 80.383
898.585144 80.398
905.096680 80.421
911.655396 80.454
918.261597 80.494
924.915710 80.537
931.618042 80.581
938.368896 80.625
945.168762 80.670
952.017822 80.712
958.916504 80.750
965.865234 80.786
972.864319 80.821
979.914062 80.856
987.014954 80.893
994.167236 80.931
1001.371399 80.969
1008.627747 81.006
1015.936646 81.040
1023.298584 81.073
1030.713867 81.108
1038.182739 81.144
1045.705933 81.183
1053.283447 81.225
1060.916016 81.272
1068.603882 81.322
1076.347412 81.375
1084.147095 81.428
1092.003296 81.482
1099.916382 81.538
1107.886841 81.598
1115.915039 81.659
1124.001343 81.721
1132.146362 81.782
1140.350342 81.839
1148.613770 81.892
1156.937134 81.942
1165.320801 81.989
1173.765137 82.035
1182.270752 82.081
1190.838013 82.123
1199.467285 82.163
1208.159180 82.202
1216.913940 82.243
1225.732178 82.288
1234.614380 82.334
1243.560913 82.381
1252.572266 82.428
1261.648926 82.475
1270.791382 82.523
1280.000000 82.570
1289.275391 82.616
1298.618042 82.662
1308.028320 82.707
1317.506836 82.753
1327.054077 82.799
1336.670410 82.846
1346.356567 82.894
1356.112793 82.940
1365.939697 82.986
1375.837891 83.031
1385.807739 83.075
1395.849854 83.121
1405.964844 83.169
1416.152954 83.219
1426.415039 83.270
1436.751465 83.323
1447.162720 83.378
1457.649414 83.434
1468.212158 83.492
1478.851440 83.553
1489.567871 83.616
1500.361816 83.679
1511.234131 83.742
1522.185059 83.806
1533.215454 83.869
1544.325806 83.930
1555.516602 83.989
1566.788574 84.045
1578.142090 84.100
1589.578003 84.154
1601.096680 84.207
1612.698975 84.258
1624.385254 84.310
1636.156250 84.361
1648.012451 84.414
1659.954590 84.468
1671.983398 84.522
1684.099243 84.575
1696.302856 84.630
1708.594971 84.685
1720.976196 84.740
1733.447144 84.795
1746.008423 84.849
1758.660645 84.901
1771.404663 84.951
1784.240967 85.000
1797.170288 85.048
1810.193359 85.097
1823.310791 85.146
1836.523193 85.195
1849.831421 85.244
1863.236084 85.294
1876.737793 85.345
1890.337524 85.397
1904.035645 85.449
1917.833008 85.501
1931.730469 85.552
1945.728638 85.600
1959.828125 85.647
1974.029907 85.693
1988.334473 85.740
2002.742798 85.790
2017.255493 85.840
2031.873291 85.892
2046.597168 85.946
2061.427734 86.005
2076.365479 86.074
2091.411865 86.154
2106.566895 86.249
2121.832031 86.359
2137.207764 86.480
2152.694824 86.605
2168.294189 86.729
2184.006592 86.847
2199.832764 86.954
2215.773682 87.049
2231.830078 87.134
2248.002686 87.209
2264.292725 87.276
2280.700684 87.338
2297.227539 87.396
2313.874268 87.451
2330.641602 87.505
2347.530273 87.561
2364.541504 87.620
2381.676025 87.686
2398.934570 87.759
2416.318359 87.842
2433.827881 87.934
2451.464355 88.032
2469.228760 88.134
2487.121826 88.239
2505.144531 88.347
2523.297852 88.459
2541.582764 88.573
2560.000000 88.687
2578.550781 88.796
2597.236084 88.898
2616.056641 88.990
2635.013672 89.071
2654.108154 89.139
2673.340820 89.196
2692.713135 89.242
2712.225586 89.282
2731.879395 89.315
2751.675781 89.345
2771.615479 89.371
2791.699707 89.395
2811.929688 89.417
2832.305908 89.438
2852.830078 89.458
2873.502930 89.477
2894.325439 89.493
2915.298828 89.508
2936.424316 89.520
2957.702881 89.531
2979.135742 89.539
3000.723633 89.547
3022.468262 89.556
3044.370117 89.568
3066.430908 89.585
3088.651611 89.607
3111.033203 89.631
3133.577148 89.657
3156.284180 89.681
3179.156006 89.701
3202.193359 89.716
3225.397949 89.726
3248.770508 89.730
3272.312500 89.730
3296.024902 89.724
3319.909180 89.716
3343.966797 89.704
3368.198486 89.689
3392.605713 89.673
3417.189941 89.656
3441.952393 89.643
3466.894287 89.631
3492.016846 89.621
3517.321289 89.610
3542.809326 89.596
3568.481934 89.579
3594.340576 89.558
3620.386719 89.531
3646.621582 89.497
3673.046387 89.460
3699.662842 89.420
3726.472168 89.381
3753.475586 89.343
3780.675049 89.308
3808.071289 89.279
3835.666016 89.254
3863.460938 89.233
3891.457275 89.213
3919.656250 89.196
3948.059814 89.181
3976.668945 89.172
4005.485596 89.168
4034.510986 89.170
4063.746582 89.179
4093.194336 89.193
4122.855469 89.214
4152.730957 89.241
4182.823730 89.273
4213.133789 89.307
4243.664062 89.343
4274.415527 89.380
4305.389648 89.416
4336.588379 89.453
4368.013184 89.490
4399.665527 89.527
4431.547363 89.565
4463.660156 89.605
4496.005371 89.646
4528.585449 89.689
4561.401367 89.733
4594.455078 89.778
4627.748535 89.825
4661.283203 89.872
4695.060547 89.920
4729.083008 89.968
4763.352051 90.016
4797.869141 90.064
4832.636719 90.111
4867.655762 90.157
4902.928711 90.201
4938.457520 90.242
4974.243652 90.279
5010.289062 90.311
5046.595703 90.336
5083.165527 90.355
5120.000000 90.365
5157.101562 90.365
5194.472168 90.357
5232.113281 90.343
5270.027344 90.324
5308.216309 90.306
5346.681641 90.290
5385.426270 90.278
5424.451172 90.270
5463.758789 90.265
5503.351562 90.261
5543.230957 90.256
5583.399414 90.245
5623.859375 90.224
5664.611816 90.190
5705.660156 90.139
5747.005859 90.072
5788.650879 89.987
5830.597656 89.886
5872.848633 89.772
5915.405762 89.647
5958.271484 89.512
6001.447266 89.370
6044.936523 89.222
6088.740234 89.069
6132.861816 88.912
6177.303223 88.752
6222.066406 88.592
6267.154297 88.432
6312.568359 88.272
6358.312012 88.114
6404.386719 87.960
6450.795898 87.810
6497.541016 87.665
6544.625000 87.525
6592.049805 87.391
6639.818359 87.264
6687.933594 87.144
6736.396973 87.033
6785.211426 86.929
6834.379883 86.833
6883.904785 86.745
6933.788574 86.667
6984.033691 86.598
7034.642578 86.541
7085.618652 86.496
7136.963867 86.465
7188.681152 86.446
7240.773438 86.441
7293.243164 86.452
7346.092773 86.480
7399.325684 86.525
7452.944336 86.592
7506.951172 86.683
7561.350098 86.800
7616.142578 86.939
7671.332031 87.097
7726.921875 87.275
7782.914551 87.470
7839.312500 87.672
7896.119629 87.864
7953.337891 88.029
8010.971191 88.149
8069.021973 88.212
8127.493164 88.215
8186.388672 88.155
8245.710938 88.026
8305.461914 87.825
8365.647461 87.551
8426.267578 87.208
8487.328125 86.800
8548.831055 86.330
8610.779297 85.805
8673.176758 85.232
8736.026367 84.617
8799.331055 83.971
8863.094727 83.300
8927.320312 82.614
8992.010742 81.921
9057.170898 81.229
9122.802734 80.548
9188.910156 79.892
9255.497070 79.277
9322.566406 78.719
9390.121094 78.230
9458.166016 77.822
9526.704102 77.501
9595.738281 77.266
9665.273438 77.109
9735.311523 77.014
9805.857422 76.964
9876.915039 76.942
9948.487305 76.932
10020.578125 76.918
10093.191406 76.892
10166.331055 76.851
10240.000000 76.796
10314.203125 76.730
10388.944336 76.658
10464.226562 76.587
10540.054688 76.522
10616.432617 76.469
10693.363281 76.432
10770.852539 76.414
10848.902344 76.415
10927.517578 76.437
11006.703125 76.480
11086.461914 76.543
11166.798828 76.620
11247.718750 76.707
11329.223633 76.800
11411.320312 76.898
11494.011719 76.998
11577.301758 77.095
11661.195312 77.186
11745.697266 77.269
11830.811523 77.346
11916.542969 77.419
12002.894531 77.493
12089.873047 77.570
12177.480469 77.655
12265.723633 77.752
12354.606445 77.865
12444.132812 77.998
12534.308594 78.154
12625.136719 78.340
12716.624023 78.561
12808.773438 78.820
12901.591797 79.122
12995.082031 79.467
13089.250000 79.851
13184.099609 80.268
13279.636719 80.717
13375.867188 81.196
13472.793945 81.703
13570.422852 82.227
13668.759766 82.743
13767.809570 83.216
13867.577148 83.608
13968.067383 83.890
14069.285156 84.036
14171.237305 84.023
14273.927734 83.838
14377.362305 83.486
14481.546875 82.983
14586.486328 82.356
14692.185547 81.646
14798.651367 80.904
14905.888672 80.173
15013.902344 79.483
15122.700195 78.854
15232.285156 78.298
15342.664062 77.829
15453.843750 77.458
15565.829102 77.194
15678.625000 77.046
15792.239258 77.021
15906.675781 77.134
16021.942383 77.400
16138.043945 77.809
16254.986328 78.324
16372.777344 78.879
16491.421875 79.393
16610.923828 79.770
16731.294922 79.915
16852.535156 79.748
16974.656250 79.225
17097.662109 78.348
17221.558594 77.166
17346.353516 75.757
17472.052734 74.213
17598.662109 72.618
17726.189453 71.039
17854.640625 69.524
17984.021484 68.088
18114.341797 66.734
18245.605469 65.464
18377.820312 64.274
18510.994141 63.157
18645.132812 62.104
18780.242188 61.103
18916.332031 60.158
19053.408203 59.265
19191.476562 58.405
19330.546875 57.582
19470.623047 56.813
19611.714844 56.096
19753.830078 55.471
19896.974609 55.056
