20.000000 85.219
20.144928 85.253
20.290907 85.286
20.437943 85.317
20.586044 85.346
20.735220 85.372
20.885475 85.397
21.036821 85.420
21.189262 85.442
21.342808 85.463
21.497467 85.485
21.653246 85.510
21.810154 85.537
21.968201 85.569
22.127390 85.604
22.287735 85.642
22.449242 85.682
22.611917 85.722
22.775772 85.760
22.940815 85.795
23.107054 85.825
23.274498 85.848
23.443153 85.866
23.613033 85.879
23.784142 85.888
23.956491 85.896
24.130091 85.905
24.304947 85.917
24.481071 85.934
24.658470 85.957
24.837156 85.984
25.017136 86.016
25.198421 86.047
25.381020 86.076
25.564941 86.100
25.750195 86.115
25.936790 86.121
26.124741 86.118
26.314051 86.108
26.504732 86.093
26.696796 86.077
26.890253 86.065
27.085112 86.061
27.281382 86.065
27.479073 86.080
27.678198 86.106
27.878765 86.139
28.080786 86.178
28.284271 86.220
28.489231 86.263
28.695675 86.304
28.903616 86.342
29.113064 86.377
29.324028 86.409
29.536524 86.438
29.750557 86.463
29.966141 86.485
30.183289 86.505
30.402010 86.522
30.622314 86.539
30.844217 86.555
31.067726 86.573
31.292856 86.592
31.519617 86.614
31.748020 86.637
31.978081 86.659
32.209808 86.681
32.443211 86.701
32.678310 86.718
32.915108 86.734
33.153625 86.751
33.393871 86.769
33.635857 86.789
33.879597 86.810
34.125103 86.829
34.372387 86.843
34.621464 86.850
34.872345 86.849
35.125042 86.843
35.379574 86.837
35.635948 86.839
35.894180 86.853
36.154285 86.881
36.416275 86.922
36.680161 86.969
36.945961 87.013
37.213688 87.047
37.483353 87.068
37.754974 87.077
38.028561 87.080
38.304131 87.082
38.581699 87.089
38.861279 87.101
39.142883 87.118
39.426529 87.133
39.712231 87.143
40.000000 87.148
40.289856 87.149
40.581814 87.152
40.875885 87.160
41.172089 87.175
41.470440 87.195
41.770950 87.213
42.073643 87.225
42.378525 87.230
42.685616 87.229
42.994934 87.228
43.306492 87.230
43.620308 87.235
43.936401 87.243
44.254780 87.250
44.575470 87.253
44.898483 87.254
45.223835 87.254
45.551544 87.257
45.881630 87.264
46.214108 87.272
46.548996 87.276
46.886307 87.275
47.226067 87.267
47.568283 87.258
47.912983 87.252
48.260181 87.255
48.609894 87.265
48.962143 87.280
49.316940 87.292
49.674313 87.298
50.034271 87.295
50.396843 87.286
50.762039 87.275
51.129883 87.266
51.500389 87.259
51.873581 87.256
52.249481 87.253
52.628101 87.250
53.009464 87.246
53.393593 87.243
53.780506 87.242
54.170223 87.244
54.562763 87.248
54.958145 87.250
55.356396 87.250
55.757530 87.245
56.161572 87.239
56.568542 87.233
56.978462 87.231
57.391350 87.232
57.807232 87.233
58.226128 87.229
58.648056 87.220
59.073048 87.207
59.501114 87.195
59.932281 87.187
60.366577 87.181
60.804020 87.176
61.244629 87.169
61.688435 87.160
62.135452 87.149
62.585712 87.140
63.039234 87.134
63.496040 87.129
63.956161 87.126
64.419617 87.123
64.886421 87.118
65.356621 87.112
65.830215 87.103
66.307251 87.093
66.787743 87.083
67.271713 87.073
67.759193 87.063
68.250206 87.055
68.744774 87.047
69.242928 87.038
69.744690 87.027
70.250084 87.013
70.759148 86.999
71.271896 86.985
71.788361 86.973
72.308571 86.962
72.832550 86.952
73.360321 86.942
73.891922 86.930
74.427376 86.915
74.966705 86.900
75.509949 86.887
76.057121 86.877
76.608261 86.868
77.163399 86.856
77.722557 86.842
78.285767 86.827
78.853058 86.812
79.424461 86.797
80.000000 86.781
80.579712 86.765
81.163628 86.747
81.751770 86.729
82.344177 86.711
82.940880 86.695
83.541901 86.679
84.147285 86.663
84.757050 86.646
85.371231 86.629
85.989868 86.612
86.612984 86.596
87.240616 86.579
87.872803 86.563
88.509560 86.546
89.150940 86.528
89.796967 86.509
90.447670 86.490
91.103088 86.471
91.763260 86.452
92.428215 86.432
93.097992 86.411
93.772614 86.388
94.452133 86.363
95.136566 86.340
95.825966 86.319
96.520363 86.301
97.219788 86.285
97.924286 86.269
98.633881 86.251
99.348625 86.231
100.068542 86.210
100.793686 86.187
101.524078 86.163
102.259766 86.139
103.000778 86.116
103.747162 86.095
104.498962 86.075
105.256203 86.055
106.018929 86.034
106.787186 86.011
107.561012 85.988
108.340446 85.964
109.125526 85.938
109.916290 85.912
110.712791 85.884
111.515060 85.856
112.323143 85.828
113.137085 85.802
113.956924 85.777
114.782700 85.754
115.614464 85.730
116.452255 85.705
117.296112 85.679
118.146095 85.653
119.002228 85.627
119.864563 85.600
120.733154 85.572
121.608040 85.545
122.489258 85.518
123.376869 85.490
124.270905 85.461
125.171425 85.433
126.078468 85.405
126.992081 85.376
127.912323 85.346
128.839233 85.316
129.772842 85.287
130.713242 85.258
131.660431 85.227
132.614502 85.196
133.575485 85.164
134.543427 85.135
135.518387 85.107
136.500412 85.082
137.489548 85.057
138.485855 85.030
139.489380 84.997
140.500168 84.960
141.518295 84.923
142.543793 84.886
143.576721 84.853
144.617142 84.825
145.665100 84.801
146.720642 84.778
147.783844 84.755
148.854752 84.728
149.933411 84.698
151.019897 84.667
152.114243 84.635
153.216522 84.602
154.326797 84.567
155.445114 84.532
156.571533 84.497
157.706116 84.463
158.848923 84.430
160.000000 84.400
161.159424 84.373
162.327255 84.346
163.503540 84.318
164.688354 84.290
165.881760 84.261
167.083801 84.232
168.294571 84.203
169.514099 84.170
170.742462 84.135
171.979736 84.099
173.225967 84.062
174.481232 84.022
175.745605 83.979
177.019119 83.932
178.301880 83.879
179.593933 83.820
180.895340 83.753
182.206177 83.676
183.526520 83.594
184.856430 83.508
186.195984 83.422
187.545227 83.336
188.904266 83.249
190.273132 83.163
191.651932 83.080
193.040726 83.003
194.439575 82.936
195.848572 82.885
197.267761 82.856
198.697250 82.857
200.137085 82.892
201.587372 82.959
203.048157 83.053
204.519531 83.164
206.001556 83.282
207.494324 83.396
208.997925 83.499
210.512405 83.583
212.037857 83.644
213.574371 83.682
215.122025 83.699
216.680893 83.700
218.251053 83.689
219.832581 83.671
221.425583 83.648
223.030121 83.619
224.646286 83.585
226.274170 83.549
227.913849 83.512
229.565399 83.474
231.228928 83.435
232.904510 83.396
234.592224 83.357
236.292191 83.317
238.004456 83.277
239.729126 83.238
241.466309 83.199
243.216080 83.160
244.978516 83.122
246.753738 83.084
248.541809 83.047
250.342850 83.012
252.156937 82.979
253.984161 82.947
255.824646 82.912
257.678467 82.875
259.545685 82.837
261.426483 82.800
263.320862 82.765
265.229004 82.729
267.150970 82.694
269.086853 82.658
271.036774 82.623
273.000824 82.590
274.979095 82.558
276.971710 82.527
278.978760 82.495
281.000336 82.465
283.036591 82.436
285.087585 82.407
287.153442 82.377
289.234283 82.345
291.330200 82.311
293.441284 82.276
295.567688 82.243
297.709503 82.211
299.866821 82.180
302.039795 82.150
304.228485 82.121
306.433044 82.091
308.653595 82.061
310.890228 82.031
313.143066 82.003
315.412231 81.975
317.697845 81.948
320.000000 81.921
322.318848 81.892
324.654510 81.862
327.007080 81.830
329.376709 81.796
331.763519 81.764
334.167603 81.736
336.589142 81.711
339.028198 81.687
341.484924 81.663
343.959473 81.637
346.451935 81.611
348.962463 81.585
351.491211 81.560
354.038239 81.532
356.603760 81.502
359.187866 81.473
361.790680 81.447
364.412354 81.422
367.053040 81.398
369.712860 81.374
372.391968 81.350
375.090454 81.326
377.808533 81.301
380.546265 81.274
383.303864 81.248
386.081451 81.223
388.879150 81.199
391.697144 81.175
394.535522 81.150
397.394501 81.126
400.274170 81.102
403.174744 81.079
406.096313 81.057
409.039062 81.036
412.003113 81.015
414.988647 80.992
417.995850 80.968
421.024811 80.944
424.075714 80.921
427.148743 80.900
430.244049 80.879
433.361786 80.859
436.502106 80.838
439.665161 80.815
442.851166 80.791
446.060242 80.767
449.292572 80.745
452.548340 80.721
455.827698 80.698
459.130798 80.677
462.457855 80.658
465.809021 80.640
469.184448 80.623
472.584381 80.606
476.008911 80.588
479.458252 80.570
482.932617 80.551
486.432159 80.531
489.957031 80.513
493.507477 80.495
497.083618 80.477
500.685699 80.458
504.313873 80.440
507.968323 80.422
511.649292 80.407
515.356934 80.391
519.091370 80.376
522.852966 80.361
526.641724 80.347
530.458008 80.334
534.301941 80.321
538.173706 80.305
542.073547 80.289
546.001648 80.273
549.958191 80.259
553.943420 80.248
557.957520 80.235
562.000671 80.220
566.073181 80.204
570.175171 80.191
574.306885 80.177
578.468567 80.164
582.660400 80.152
586.882568 80.143
591.135376 80.137
595.419006 80.130
599.733643 80.122
604.079590 80.112
608.456970 80.101
612.866089 80.091
617.307190 80.083
621.780457 80.076
626.286133 80.068
630.824463 80.058
635.395691 80.048
640.000000 80.039
644.637695 80.029
649.309021 80.021
654.014160 80.015
658.753418 80.011
663.527039 80.009
668.335205 80.007
673.178284 80.006
678.056396 80.005
682.969849 80.004
687.918945 80.003
692.903870 80.004
697.924927 80.008
702.982422 80.013
708.076477 80.017
713.207520 80.022
718.375732 80.026
723.581360 80.032
728.824707 80.039
734.106079 80.045
739.425720 80.049
744.783936 80.053
750.180908 80.054
755.617065 80.054
761.092529 80.058
766.607727 80.066
772.162903 80.076
777.758301 80.087
783.394287 80.098
789.071045 80.109
794.789001 80.120
800.548340 80.131
806.349487 80.144
812.192627 80.158
818.078125 80.173
824.006226 80.187
829.977295 80.199
835.991699 80.210
842.049622 80.224
848.151428 80.242
854.297485 80.263
860.488098 80.288
866.723572 80.314
873.004211 80.340
879.330322 80.363
885.702332 80.382
892.120483 80.399
898.585144 80.417
905.096680 80.441
911.655396 80.472
918.261597 80.509
924.915710 80.550
931.618042 80.592
938.368896 80.633
945.168762 80.674
952.017822 80.715
958.916504 80.756
965.865234 80.798
972.864319 80.838
979.914062 80.877
987.014954 80.916
994.167236 80.953
1001.371399 80.989
1008.627747 81.023
1015.936646 81.056
1023.298584 81.091
1030.713867 81.128
1038.182739 81.168
1045.705933 81.210
1053.283447 81.254
1060.916016 81.302
1068.603882 81.352
1076.347412 81.405
1084.147095 81.461
1092.003296 81.519
1099.916382 81.581
1107.886841 81.647
1115.915039 81.713
1124.001343 81.778
1132.146362 81.840
1140.350342 81.900
1148.613770 81.959
1156.937134 82.016
1165.320801 82.070
1173.765137 82.121
1182.270752 82.168
1190.838013 82.214
1199.467285 82.260
1208.159180 82.304
1216.913940 82.348
1225.732178 82.391
1234.614380 82.434
1243.560913 82.477
1252.572266 82.519
1261.648926 82.560
1270.791382 82.602
1280.000000 82.646
1289.275391 82.692
1298.618042 82.739
1308.028320 82.786
1317.506836 82.832
1327.054077 82.877
1336.670410 82.923
1346.356567 82.971
1356.112793 83.019
1365.939697 83.068
1375.837891 83.117
1385.807739 83.167
1395.849854 83.218
1405.964844 83.270
1416.152954 83.323
1426.415039 83.375
1436.751465 83.430
1447.162720 83.487
1457.649414 83.549
1468.212158 83.614
1478.851440 83.679
1489.567871 83.743
1500.361816 83.808
1511.234131 83.874
1522.185059 83.938
1533.215454 84.000
1544.325806 84.062
1555.516602 84.122
1566.788574 84.181
1578.142090 84.239
1589.578003 84.295
1601.096680 84.351
1612.698975 84.407
1624.385254 84.463
1636.156250 84.518
1648.012451 84.573
1659.954590 84.627
1671.983398 84.680
1684.099243 84.733
1696.302856 84.787
1708.594971 84.840
1720.976196 84.893
1733.447144 84.945
1746.008423 84.996
1758.660645 85.047
1771.404663 85.096
1784.240967 85.145
1797.170288 85.193
1810.193359 85.243
1823.310791 85.293
1836.523193 85.344
1849.831421 85.395
1863.236084 85.448
1876.737793 85.502
1890.337524 85.558
1904.035645 85.618
1917.833008 85.684
1931.730469 85.756
1945.728638 85.836
1959.828125 85.921
1974.029907 86.011
1988.334473 86.103
2002.742798 86.194
2017.255493 86.282
2031.873291 86.368
2046.597168 86.449
2061.427734 86.527
2076.365479 86.602
2091.411865 86.676
2106.566895 86.749
2121.832031 86.822
2137.207764 86.895
2152.694824 86.967
2168.294189 87.039
2184.006592 87.109
2199.832764 87.179
2215.773682 87.249
2231.830078 87.318
2248.002686 87.387
2264.292725 87.457
2280.700684 87.528
2297.227539 87.601
2313.874268 87.676
2330.641602 87.754
2347.530273 87.835
2364.541504 87.918
2381.676025 88.002
2398.934570 88.086
2416.318359 88.168
2433.827881 88.247
2451.464355 88.323
2469.228760 88.396
2487.121826 88.465
2505.144531 88.530
2523.297852 88.591
2541.582764 88.649
2560.000000 88.706
2578.550781 88.760
2597.236084 88.812
2616.056641 88.863
2635.013672 88.912
2654.108154 88.960
2673.340820 89.006
2692.713135 89.051
2712.225586 89.096
2731.879395 89.143
2751.675781 89.190
2771.615479 89.237
2791.699707 89.282
2811.929688 89.326
2832.305908 89.367
2852.830078 89.407
2873.502930 89.443
2894.325439 89.477
2915.298828 89.507
2936.424316 89.534
2957.702881 89.556
2979.135742 89.576
3000.723633 89.592
3022.468262 89.606
3044.370117 89.618
3066.430908 89.626
3088.651611 89.633
3111.033203 89.638
3133.577148 89.639
3156.284180 89.638
3179.156006 89.635
3202.193359 89.630
3225.397949 89.624
3248.770508 89.614
3272.312500 89.601
3296.024902 89.585
3319.909180 89.565
3343.966797 89.543
3368.198486 89.517
3392.605713 89.488
3417.189941 89.455
3441.952393 89.420
3466.894287 89.383
3492.016846 89.345
3517.321289 89.307
3542.809326 89.267
3568.481934 89.228
3594.340576 89.190
3620.386719 89.152
3646.621582 89.115
3673.046387 89.079
3699.662842 89.045
3726.472168 89.013
3753.475586 88.983
3780.675049 88.955
3808.071289 88.930
3835.666016 88.908
3863.460938 88.890
3891.457275 88.875
3919.656250 88.862
3948.059814 88.852
3976.668945 88.847
4005.485596 88.848
4034.510986 88.854
4063.746582 88.866
4093.194336 88.883
4122.855469 88.904
4152.730957 88.931
4182.823730 88.962
4213.133789 88.994
4243.664062 89.028
4274.415527 89.062
4305.389648 89.096
4336.588379 89.128
4368.013184 89.159
4399.665527 89.189
4431.547363 89.219
4463.660156 89.248
4496.005371 89.278
4528.585449 89.308
4561.401367 89.339
4594.455078 89.371
4627.748535 89.403
4661.283203 89.435
4695.060547 89.468
4729.083008 89.501
4763.352051 89.535
4797.869141 89.568
4832.636719 89.601
4867.655762 89.633
4902.928711 89.663
4938.457520 89.691
4974.243652 89.716
5010.289062 89.736
5046.595703 89.749
5083.165527 89.755
5120.000000 89.752
5157.101562 89.741
5194.472168 89.723
5232.113281 89.698
5270.027344 89.667
5308.216309 89.634
5346.681641 89.604
5385.426270 89.579
5424.451172 89.558
5463.758789 89.542
5503.351562 89.526
5543.230957 89.509
5583.399414 89.486
5623.859375 89.453
5664.611816 89.405
5705.660156 89.343
5747.005859 89.264
5788.650879 89.169
5830.597656 89.057
5872.848633 88.931
5915.405762 88.792
5958.271484 88.642
6001.447266 88.482
6044.936523 88.315
6088.740234 88.141
6132.861816 87.962
6177.303223 87.779
6222.066406 87.595
6267.154297 87.409
6312.568359 87.222
6358.312012 87.036
6404.386719 86.852
6450.795898 86.671
6497.541016 86.493
6544.625000 86.318
6592.049805 86.145
6639.818359 85.975
6687.933594 85.811
6736.396973 85.651
6785.211426 85.496
6834.379883 85.346
6883.904785 85.203
6933.788574 85.067
6984.033691 84.941
7034.642578 84.824
7085.618652 84.718
7136.963867 84.623
7188.681152 84.542
7240.773438 84.474
7293.243164 84.421
7346.092773 84.383
7399.325684 84.363
7452.944336 84.366
7506.951172 84.394
7561.350098 84.452
7616.142578 84.538
7671.332031 84.651
7726.921875 84.793
7782.914551 84.966
7839.312500 85.165
7896.119629 85.381
7953.337891 85.601
8010.971191 85.811
8069.021973 86.008
8127.493164 86.192
8186.388672 86.364
8245.710938 86.520
8305.461914 86.656
8365.647461 86.769
8426.267578 86.855
8487.328125 86.908
8548.831055 86.918
8610.779297 86.878
8673.176758 86.777
8736.026367 86.609
8799.331055 86.366
8863.094727 86.046
8927.320312 85.649
8992.010742 85.181
9057.170898 84.652
9122.802734 84.075
9188.910156 83.470
9255.497070 82.858
9322.566406 82.262
9390.121094 81.705
9458.166016 81.205
9526.704102 80.776
9595.738281 80.423
9665.273438 80.143
9735.311523 79.925
9805.857422 79.756
9876.915039 79.619
9948.487305 79.495
10020.578125 79.370
10093.191406 79.236
10166.331055 79.091
10240.000000 78.935
10314.203125 78.771
10388.944336 78.604
10464.226562 78.441
10540.054688 78.286
10616.432617 78.145
10693.363281 78.024
10770.852539 77.925
10848.902344 77.848
10927.517578 77.792
11006.703125 77.757
11086.461914 77.743
11166.798828 77.745
11247.718750 77.760
11329.223633 77.783
11411.320312 77.810
11494.011719 77.839
11577.301758 77.863
11661.195312 77.881
11745.697266 77.892
11830.811523 77.897
11916.542969 77.899
12002.894531 77.899
12089.873047 77.898
12177.480469 77.897
12265.723633 77.901
12354.606445 77.917
12444.132812 77.952
12534.308594 78.012
12625.136719 78.099
12716.624023 78.216
12808.773438 78.365
12901.591797 78.547
12995.082031 78.765
13089.250000 79.019
13184.099609 79.305
13279.636719 79.623
13375.867188 79.979
13472.793945 80.380
13570.422852 80.827
13668.759766 81.312
13767.809570 81.818
13867.577148 82.318
13968.067383 82.782
14069.285156 83.167
14171.237305 83.420
14273.927734 83.490
14377.362305 83.349
14481.546875 82.990
14586.486328 82.426
14692.185547 81.699
14798.651367 80.865
14905.888672 79.980
15013.902344 79.087
15122.700195 78.216
15232.285156 77.385
15342.664062 76.612
15453.843750 75.911
15565.829102 75.288
15678.625000 74.746
15792.239258 74.287
15906.675781 73.921
16021.942383 73.659
16138.043945 73.502
16254.986328 73.438
16372.777344 73.446
16491.421875 73.509
16610.923828 73.623
16731.294922 73.795
16852.535156 74.036
16974.656250 74.358
17097.662109 74.764
17221.558594 75.244
17346.353516 75.771
17472.052734 76.295
17598.662109 76.747
17726.189453 77.040
17854.640625 77.086
17984.021484 76.823
18114.341797 76.229
18245.605469 75.329
18377.820312 74.182
18510.994141 72.868
18645.132812 71.464
18780.242188 70.038
18916.332031 68.640
19053.408203 67.302
19191.476562 66.042
19330.546875 64.859
19470.623047 63.749
19611.714844 62.729
19753.830078 61.860
19896.974609 61.268
