20.000000 85.851
20.144928 85.888
20.290907 85.925
20.437943 85.962
20.586044 85.999
20.735220 86.035
20.885475 86.070
21.036821 86.104
21.189262 86.135
21.342808 86.163
21.497467 86.189
21.653246 86.213
21.810154 86.235
21.968201 86.256
22.127390 86.277
22.287735 86.297
22.449242 86.318
22.611917 86.340
22.775772 86.363
22.940815 86.387
23.107054 86.412
23.274498 86.437
23.443153 86.463
23.613033 86.488
23.784142 86.513
23.956491 86.536
24.130091 86.558
24.304947 86.578
24.481071 86.597
24.658470 86.614
24.837156 86.630
25.017136 86.645
25.198421 86.659
25.381020 86.673
25.564941 86.687
25.750195 86.703
25.936790 86.721
26.124741 86.741
26.314051 86.763
26.504732 86.788
26.696796 86.814
26.890253 86.842
27.085112 86.870
27.281382 86.898
27.479073 86.925
27.678198 86.951
27.878765 86.975
28.080786 86.999
28.284271 87.021
28.489231 87.044
28.695675 87.067
28.903616 87.091
29.113064 87.115
29.324028 87.138
29.536524 87.159
29.750557 87.179
29.966141 87.195
30.183289 87.210
30.402010 87.223
30.622314 87.235
30.844217 87.247
31.067726 87.261
31.292856 87.275
31.519617 87.291
31.748020 87.307
31.978081 87.323
32.209808 87.339
32.443211 87.354
32.678310 87.367
32.915108 87.379
33.153625 87.390
33.393871 87.397
33.635857 87.400
33.879597 87.399
34.125103 87.395
34.372387 87.389
34.621464 87.385
34.872345 87.388
35.125042 87.402
35.379574 87.430
35.635948 87.468
35.894180 87.513
36.154285 87.554
36.416275 87.586
36.680161 87.602
36.945961 87.601
37.213688 87.586
37.483353 87.565
37.754974 87.544
38.028561 87.532
38.304131 87.531
38.581699 87.541
38.861279 87.559
39.142883 87.582
39.426529 87.607
39.712231 87.632
40.000000 87.656
40.289856 87.675
40.581814 87.684
40.875885 87.678
41.172089 87.657
41.470440 87.626
41.770950 87.595
42.073643 87.579
42.378525 87.589
42.685616 87.628
42.994934 87.685
43.306492 87.744
43.620308 87.783
43.936401 87.792
44.254780 87.769
44.575470 87.726
44.898483 87.679
45.223835 87.645
45.551544 87.630
45.881630 87.631
46.214108 87.640
46.548996 87.646
46.886307 87.646
47.226067 87.640
47.568283 87.632
47.912983 87.628
48.260181 87.630
48.609894 87.636
48.962143 87.644
49.316940 87.654
49.674313 87.667
50.034271 87.685
50.396843 87.706
50.762039 87.728
51.129883 87.745
51.500389 87.755
51.873581 87.755
52.249481 87.747
52.628101 87.734
53.009464 87.720
53.393593 87.709
53.780506 87.700
54.170223 87.692
54.562763 87.681
54.958145 87.668
55.356396 87.653
55.757530 87.638
56.161572 87.629
56.568542 87.626
56.978462 87.631
57.391350 87.638
57.807232 87.641
58.226128 87.637
58.648056 87.623
59.073048 87.604
59.501114 87.585
59.932281 87.572
60.366577 87.566
60.804020 87.567
61.244629 87.571
61.688435 87.573
62.135452 87.570
62.585712 87.561
63.039234 87.546
63.496040 87.527
63.956161 87.510
64.419617 87.494
64.886421 87.482
65.356621 87.473
65.830215 87.466
66.307251 87.460
66.787743 87.453
67.271713 87.442
67.759193 87.429
68.250206 87.413
68.744774 87.398
69.242928 87.384
69.744690 87.372
70.250084 87.359
70.759148 87.344
71.271896 87.329
71.788361 87.316
72.308571 87.304
72.832550 87.292
73.360321 87.281
73.891922 87.269
74.427376 87.257
74.966705 87.246
75.509949 87.234
76.057121 87.219
76.608261 87.203
77.163399 87.187
77.722557 87.173
78.285767 87.158
78.853058 87.141
79.424461 87.122
80.000000 87.102
80.579712 87.083
81.163628 87.064
81.751770 87.045
82.344177 87.027
82.940880 87.010
83.541901 86.991
84.147285 86.971
84.757050 86.949
85.371231 86.928
85.989868 86.909
86.612984 86.892
87.240616 86.877
87.872803 86.861
88.509560 86.844
89.150940 86.824
89.796967 86.801
90.447670 86.776
91.103088 86.752
91.763260 86.729
92.428215 86.709
93.097992 86.692
93.772614 86.676
94.452133 86.657
95.136566 86.634
95.825966 86.608
96.520363 86.583
97.219788 86.557
97.924286 86.531
98.633881 86.505
99.348625 86.481
100.068542 86.458
100.793686 86.435
101.524078 86.412
102.259766 86.387
103.000778 86.364
103.747162 86.341
104.498962 86.319
105.256203 86.295
106.018929 86.270
106.787186 86.244
107.561012 86.218
108.340446 86.191
109.125526 86.163
109.916290 86.133
110.712791 86.102
111.515060 86.071
112.323143 86.041
113.137085 86.013
113.956924 85.987
114.782700 85.962
115.614464 85.937
116.452255 85.912
117.296112 85.886
118.146095 85.858
119.002228 85.827
119.864563 85.796
120.733154 85.765
121.608040 85.737
122.489258 85.710
123.376869 85.684
124.270905 85.658
125.171425 85.631
126.078468 85.601
126.992081 85.569
127.912323 85.534
128.839233 85.499
129.772842 85.464
130.713242 85.431
131.660431 85.398
132.614502 85.366
133.575485 85.334
134.543427 85.301
135.518387 85.267
136.500412 85.230
137.489548 85.191
138.485855 85.153
139.489380 85.118
140.500168 85.088
141.518295 85.059
142.543793 85.028
143.576721 84.989
144.617142 84.944
145.665100 84.898
146.720642 84.856
147.783844 84.818
148.854752 84.781
149.933411 84.744
151.019897 84.705
152.114243 84.665
153.216522 84.624
154.326797 84.583
155.445114 84.540
156.571533 84.496
157.706116 84.452
158.848923 84.407
160.000000 84.360
161.159424 84.312
162.327255 84.265
163.503540 84.221
164.688354 84.179
165.881760 84.141
167.083801 84.106
168.294571 84.075
169.514099 84.046
170.742462 84.019
171.979736 83.993
173.225967 83.964
174.481232 83.931
175.745605 83.891
177.019119 83.843
178.301880 83.790
179.593933 83.733
180.895340 83.678
182.206177 83.634
183.526520 83.605
184.856430 83.592
186.195984 83.594
187.545227 83.604
188.904266 83.619
190.273132 83.640
191.651932 83.672
193.040726 83.711
194.439575 83.755
195.848572 83.796
197.267761 83.830
198.697250 83.853
200.137085 83.867
201.587372 83.875
203.048157 83.877
204.519531 83.873
206.001556 83.863
207.494324 83.846
208.997925 83.822
210.512405 83.794
212.037857 83.766
213.574371 83.739
215.122025 83.713
216.680893 83.684
218.251053 83.650
219.832581 83.613
221.425583 83.576
223.030121 83.542
224.646286 83.510
226.274170 83.477
227.913849 83.442
229.565399 83.405
231.228928 83.368
232.904510 83.333
234.592224 83.301
236.292191 83.270
238.004456 83.239
239.729126 83.205
241.466309 83.170
243.216080 83.132
244.978516 83.095
246.753738 83.057
248.541809 83.019
250.342850 82.984
252.156937 82.950
253.984161 82.918
255.824646 82.888
257.678467 82.857
259.545685 82.824
261.426483 82.790
263.320862 82.754
265.229004 82.718
267.150970 82.683
269.086853 82.646
271.036774 82.610
273.000824 82.575
274.979095 82.543
276.971710 82.511
278.978760 82.479
281.000336 82.446
283.036591 82.414
285.087585 82.385
287.153442 82.356
289.234283 82.327
291.330200 82.296
293.441284 82.266
295.567688 82.235
297.709503 82.204
299.866821 82.172
302.039795 82.140
304.228485 82.109
306.433044 82.079
308.653595 82.050
310.890228 82.021
313.143066 81.991
315.412231 81.959
317.697845 81.928
320.000000 81.897
322.318848 81.868
324.654510 81.838
327.007080 81.809
329.376709 81.780
331.763519 81.752
334.167603 81.725
336.589142 81.699
339.028198 81.673
341.484924 81.648
343.959473 81.623
346.451935 81.598
348.962463 81.572
351.491211 81.546
354.038239 81.519
356.603760 81.491
359.187866 81.462
361.790680 81.433
364.412354 81.406
367.053040 81.379
369.712860 81.352
372.391968 81.324
375.090454 81.296
377.808533 81.270
380.546265 81.246
383.303864 81.225
386.081451 81.206
388.879150 81.187
391.697144 81.166
394.535522 81.140
397.394501 81.111
400.274170 81.081
403.174744 81.055
406.096313 81.032
409.039062 81.013
412.003113 80.993
414.988647 80.971
417.995850 80.947
421.024811 80.922
424.075714 80.897
427.148743 80.874
430.244049 80.851
433.361786 80.829
436.502106 80.808
439.665161 80.788
442.851166 80.769
446.060242 80.752
449.292572 80.735
452.548340 80.715
455.827698 80.694
459.130798 80.672
462.457855 80.653
465.809021 80.635
469.184448 80.618
472.584381 80.600
476.008911 80.581
479.458252 80.562
482.932617 80.544
486.432159 80.527
489.957031 80.511
493.507477 80.492
497.083618 80.474
500.685699 80.457
504.313873 80.441
507.968323 80.425
511.649292 80.407
515.356934 80.391
519.091370 80.376
522.852966 80.362
526.641724 80.348
530.458008 80.333
534.301941 80.315
538.173706 80.297
542.073547 80.281
546.001648 80.266
549.958191 80.252
553.943420 80.240
557.957520 80.227
562.000671 80.214
566.073181 80.201
570.175171 80.187
574.306885 80.177
578.468567 80.170
582.660400 80.163
586.882568 80.156
591.135376 80.148
595.419006 80.139
599.733643 80.130
604.079590 80.120
608.456970 80.111
612.866089 80.102
617.307190 80.094
621.780457 80.088
626.286133 80.082
630.824463 80.076
635.395691 80.067
640.000000 80.057
644.637695 80.049
649.309021 80.042
654.014160 80.034
658.753418 80.026
663.527039 80.021
668.335205 80.018
673.178284 80.019
678.056396 80.019
682.969849 80.017
687.918945 80.016
692.903870 80.016
697.924927 80.017
702.982422 80.019
708.076477 80.019
713.207520 80.019
718.375732 80.020
723.581360 80.023
728.824707 80.028
734.106079 80.035
739.425720 80.042
744.783936 80.049
750.180908 80.055
755.617065 80.061
761.092529 80.068
766.607727 80.078
772.162903 80.088
777.758301 80.099
783.394287 80.109
789.071045 80.119
794.789001 80.132
800.548340 80.145
806.349487 80.159
812.192627 80.172
818.078125 80.187
824.006226 80.202
829.977295 80.215
835.991699 80.229
842.049622 80.247
848.151428 80.267
854.297485 80.289
860.488098 80.311
866.723572 80.332
873.004211 80.353
879.330322 80.371
885.702332 80.387
892.120483 80.403
898.585144 80.423
905.096680 80.452
911.655396 80.487
918.261597 80.528
924.915710 80.569
931.618042 80.611
938.368896 80.653
945.168762 80.695
952.017822 80.735
958.916504 80.775
965.865234 80.814
972.864319 80.853
979.914062 80.891
987.014954 80.929
994.167236 80.967
1001.371399 81.006
1008.627747 81.042
1015.936646 81.076
1023.298584 81.109
1030.713867 81.142
1038.182739 81.178
1045.705933 81.218
1053.283447 81.260
1060.916016 81.304
1068.603882 81.350
1076.347412 81.400
1084.147095 81.453
1092.003296 81.507
1099.916382 81.563
1107.886841 81.620
1115.915039 81.680
1124.001343 81.741
1132.146362 81.801
1140.350342 81.859
1148.613770 81.914
1156.937134 81.967
1165.320801 82.017
1173.765137 82.065
1182.270752 82.109
1190.838013 82.150
1199.467285 82.190
1208.159180 82.228
1216.913940 82.266
1225.732178 82.304
1234.614380 82.343
1243.560913 82.384
1252.572266 82.428
1261.648926 82.476
1270.791382 82.525
1280.000000 82.575
1289.275391 82.625
1298.618042 82.674
1308.028320 82.722
1317.506836 82.770
1327.054077 82.817
1336.670410 82.863
1346.356567 82.907
1356.112793 82.951
1365.939697 82.995
1375.837891 83.040
1385.807739 83.088
1395.849854 83.139
1405.964844 83.192
1416.152954 83.247
1426.415039 83.301
1436.751465 83.355
1447.162720 83.411
1457.649414 83.470
1468.212158 83.533
1478.851440 83.596
1489.567871 83.660
1500.361816 83.724
1511.234131 83.787
1522.185059 83.849
1533.215454 83.909
1544.325806 83.966
1555.516602 84.021
1566.788574 84.075
1578.142090 84.129
1589.578003 84.182
1601.096680 84.236
1612.698975 84.290
1624.385254 84.347
1636.156250 84.406
1648.012451 84.467
1659.954590 84.530
1671.983398 84.592
1684.099243 84.653
1696.302856 84.712
1708.594971 84.770
1720.976196 84.826
1733.447144 84.881
1746.008423 84.935
1758.660645 84.989
1771.404663 85.041
1784.240967 85.092
1797.170288 85.143
1810.193359 85.195
1823.310791 85.247
1836.523193 85.300
1849.831421 85.355
1863.236084 85.412
1876.737793 85.469
1890.337524 85.527
1904.035645 85.584
1917.833008 85.640
1931.730469 85.697
1945.728638 85.753
1959.828125 85.810
1974.029907 85.869
1988.334473 85.929
2002.742798 85.990
2017.255493 86.056
2031.873291 86.126
2046.597168 86.203
2061.427734 86.290
2076.365479 86.385
2091.411865 86.486
2106.566895 86.591
2121.832031 86.695
2137.207764 86.796
2152.694824 86.890
2168.294189 86.977
2184.006592 87.059
2199.832764 87.135
2215.773682 87.206
2231.830078 87.273
2248.002686 87.337
2264.292725 87.397
2280.700684 87.456
2297.227539 87.512
2313.874268 87.565
2330.641602 87.615
2347.530273 87.662
2364.541504 87.707
2381.676025 87.750
2398.934570 87.791
2416.318359 87.831
2433.827881 87.872
2451.464355 87.918
2469.228760 87.971
2487.121826 88.038
2505.144531 88.122
2523.297852 88.224
2541.582764 88.343
2560.000000 88.474
2578.550781 88.610
2597.236084 88.742
2616.056641 88.863
2635.013672 88.970
2654.108154 89.061
2673.340820 89.136
2692.713135 89.197
2712.225586 89.247
2731.879395 89.288
2751.675781 89.323
2771.615479 89.353
2791.699707 89.379
2811.929688 89.401
2832.305908 89.422
2852.830078 89.441
2873.502930 89.458
2894.325439 89.474
2915.298828 89.491
2936.424316 89.507
2957.702881 89.523
2979.135742 89.537
3000.723633 89.548
3022.468262 89.556
3044.370117 89.561
3066.430908 89.562
3088.651611 89.560
3111.033203 89.554
3133.577148 89.546
3156.284180 89.535
3179.156006 89.523
3202.193359 89.513
3225.397949 89.503
3248.770508 89.495
3272.312500 89.488
3296.024902 89.484
3319.909180 89.481
3343.966797 89.478
3368.198486 89.474
3392.605713 89.469
3417.189941 89.464
3441.952393 89.463
3466.894287 89.465
3492.016846 89.472
3517.321289 89.481
3542.809326 89.494
3568.481934 89.509
3594.340576 89.529
3620.386719 89.551
3646.621582 89.575
3673.046387 89.598
3699.662842 89.620
3726.472168 89.640
3753.475586 89.657
3780.675049 89.671
3808.071289 89.682
3835.666016 89.690
3863.460938 89.694
3891.457275 89.693
3919.656250 89.688
3948.059814 89.679
3976.668945 89.669
4005.485596 89.659
4034.510986 89.649
4063.746582 89.640
4093.194336 89.632
4122.855469 89.625
4152.730957 89.621
4182.823730 89.619
4213.133789 89.622
4243.664062 89.632
4274.415527 89.649
4305.389648 89.674
4336.588379 89.707
4368.013184 89.748
4399.665527 89.796
4431.547363 89.849
4463.660156 89.907
4496.005371 89.967
4528.585449 90.027
4561.401367 90.087
4594.455078 90.147
4627.748535 90.205
4661.283203 90.262
4695.060547 90.317
4729.083008 90.371
4763.352051 90.425
4797.869141 90.479
4832.636719 90.532
4867.655762 90.585
4902.928711 90.636
4938.457520 90.685
4974.243652 90.729
5010.289062 90.769
5046.595703 90.801
5083.165527 90.824
5120.000000 90.839
5157.101562 90.845
5194.472168 90.844
5232.113281 90.837
5270.027344 90.828
5308.216309 90.819
5346.681641 90.815
5385.426270 90.816
5424.451172 90.823
5463.758789 90.832
5503.351562 90.841
5543.230957 90.846
5583.399414 90.841
5623.859375 90.823
5664.611816 90.788
5705.660156 90.735
5747.005859 90.665
5788.650879 90.579
5830.597656 90.478
5872.848633 90.365
5915.405762 90.243
5958.271484 90.115
6001.447266 89.981
6044.936523 89.844
6088.740234 89.703
6132.861816 89.561
6177.303223 89.420
6222.066406 89.282
6267.154297 89.148
6312.568359 89.020
6358.312012 88.897
6404.386719 88.782
6450.795898 88.675
6497.541016 88.576
6544.625000 88.484
6592.049805 88.401
6639.818359 88.326
6687.933594 88.260
6736.396973 88.203
6785.211426 88.155
6834.379883 88.117
6883.904785 88.089
6933.788574 88.072
6984.033691 88.065
7034.642578 88.070
7085.618652 88.085
7136.963867 88.112
7188.681152 88.150
7240.773438 88.199
7293.243164 88.259
7346.092773 88.328
7399.325684 88.405
7452.944336 88.490
7506.951172 88.582
7561.350098 88.677
7616.142578 88.766
7671.332031 88.840
7726.921875 88.894
7782.914551 88.923
7839.312500 88.919
7896.119629 88.866
7953.337891 88.751
8010.971191 88.561
8069.021973 88.291
8127.493164 87.946
8186.388672 87.535
8245.710938 87.061
8305.461914 86.532
8365.647461 85.954
8426.267578 85.338
8487.328125 84.695
8548.831055 84.032
8610.779297 83.355
8673.176758 82.670
8736.026367 81.981
8799.331055 81.295
8863.094727 80.616
8927.320312 79.948
8992.010742 79.291
9057.170898 78.649
9122.802734 78.031
9188.910156 77.445
9255.497070 76.901
9322.566406 76.411
9390.121094 75.985
9458.166016 75.636
9526.704102 75.370
9595.738281 75.189
9665.273438 75.086
9735.311523 75.047
9805.857422 75.052
9876.915039 75.083
9948.487305 75.122
10020.578125 75.159
10093.191406 75.187
10166.331055 75.204
10240.000000 75.214
10314.203125 75.220
10388.944336 75.229
10464.226562 75.246
10540.054688 75.273
10616.432617 75.316
10693.363281 75.376
10770.852539 75.455
10848.902344 75.558
10927.517578 75.685
11006.703125 75.834
11086.461914 76.003
11166.798828 76.184
11247.718750 76.372
11329.223633 76.562
11411.320312 76.748
11494.011719 76.927
11577.301758 77.099
11661.195312 77.264
11745.697266 77.422
11830.811523 77.576
11916.542969 77.731
12002.894531 77.892
12089.873047 78.064
12177.480469 78.249
12265.723633 78.448
12354.606445 78.670
12444.132812 78.924
12534.308594 79.216
12625.136719 79.551
12716.624023 79.932
12808.773438 80.361
12901.591797 80.840
12995.082031 81.367
13089.250000 81.935
13184.099609 82.532
13279.636719 83.143
13375.867188 83.748
13472.793945 84.321
13570.422852 84.824
13668.759766 85.212
13767.809570 85.441
13867.577148 85.487
13968.067383 85.352
14069.285156 85.064
14171.237305 84.659
14273.927734 84.169
14377.362305 83.621
14481.546875 83.036
14586.486328 82.428
14692.185547 81.824
14798.651367 81.254
14905.888672 80.745
15013.902344 80.315
15122.700195 79.975
15232.285156 79.738
15342.664062 79.613
15453.843750 79.610
15565.829102 79.736
15678.625000 79.991
15792.239258 80.363
15906.675781 80.824
16021.942383 81.317
16138.043945 81.753
16254.986328 82.018
16372.777344 82.008
16491.421875 81.657
16610.923828 80.947
16731.294922 79.913
16852.535156 78.631
16974.656250 77.192
17097.662109 75.680
17221.558594 74.169
17346.353516 72.707
17472.052734 71.325
17598.662109 70.031
17726.189453 68.825
17854.640625 67.699
17984.021484 66.645
18114.341797 65.664
18245.605469 64.757
18377.820312 63.923
18510.994141 63.157
18645.132812 62.454
18780.242188 61.798
18916.332031 61.179
19053.408203 60.591
19191.476562 60.040
19330.546875 59.540
19470.623047 59.104
19611.714844 58.741
19753.830078 58.462
19896.974609 58.286
