20.000000 86.063
20.144928 86.092
20.290907 86.120
20.437943 86.147
20.586044 86.173
20.735220 86.197
20.885475 86.220
21.036821 86.242
21.189262 86.263
21.342808 86.285
21.497467 86.306
21.653246 86.329
21.810154 86.352
21.968201 86.376
22.127390 86.402
22.287735 86.427
22.449242 86.453
22.611917 86.479
22.775772 86.505
22.940815 86.530
23.107054 86.554
23.274498 86.578
23.443153 86.601
23.613033 86.623
23.784142 86.646
23.956491 86.669
24.130091 86.691
24.304947 86.714
24.481071 86.737
24.658470 86.760
24.837156 86.783
25.017136 86.806
25.198421 86.828
25.381020 86.848
25.564941 86.868
25.750195 86.886
25.936790 86.903
26.124741 86.918
26.314051 86.933
26.504732 86.947
26.696796 86.962
26.890253 86.976
27.085112 86.992
27.281382 87.009
27.479073 87.027
27.678198 87.046
27.878765 87.067
28.080786 87.087
28.284271 87.106
28.489231 87.124
28.695675 87.141
28.903616 87.155
29.113064 87.167
29.324028 87.177
29.536524 87.185
29.750557 87.194
29.966141 87.203
30.183289 87.213
30.402010 87.225
30.622314 87.239
30.844217 87.254
31.067726 87.270
31.292856 87.286
31.519617 87.302
31.748020 87.317
31.978081 87.330
32.209808 87.343
32.443211 87.355
32.678310 87.366
32.915108 87.377
33.153625 87.389
33.393871 87.400
33.635857 87.411
33.879597 87.422
34.125103 87.432
34.372387 87.441
34.621464 87.450
34.872345 87.457
35.125042 87.464
35.379574 87.470
35.635948 87.475
35.894180 87.478
36.154285 87.482
36.416275 87.486
36.680161 87.492
36.945961 87.499
37.213688 87.508
37.483353 87.516
37.754974 87.524
38.028561 87.528
38.304131 87.529
38.581699 87.529
38.861279 87.528
39.142883 87.531
39.426529 87.539
39.712231 87.552
40.000000 87.568
40.289856 87.582
40.581814 87.592
40.875885 87.593
41.172089 87.587
41.470440 87.575
41.770950 87.563
42.073643 87.553
42.378525 87.549
42.685616 87.551
42.994934 87.556
43.306492 87.563
43.620308 87.568
43.936401 87.571
44.254780 87.573
44.575470 87.573
44.898483 87.572
45.223835 87.571
45.551544 87.569
45.881630 87.567
46.214108 87.564
46.548996 87.562
46.886307 87.562
47.226067 87.565
47.568283 87.569
47.912983 87.573
48.260181 87.573
48.609894 87.568
48.962143 87.557
49.316940 87.545
49.674313 87.534
50.034271 87.527
50.396843 87.527
50.762039 87.531
51.129883 87.535
51.500389 87.534
51.873581 87.528
52.249481 87.518
52.628101 87.505
53.009464 87.494
53.393593 87.485
53.780506 87.478
54.170223 87.474
54.562763 87.470
54.958145 87.467
55.356396 87.461
55.757530 87.452
56.161572 87.441
56.568542 87.429
56.978462 87.420
57.391350 87.414
57.807232 87.409
58.226128 87.401
58.648056 87.387
59.073048 87.370
59.501114 87.354
59.932281 87.340
60.366577 87.328
60.804020 87.317
61.244629 87.303
61.688435 87.287
62.135452 87.272
62.585712 87.259
63.039234 87.247
63.496040 87.234
63.956161 87.219
64.419617 87.203
64.886421 87.188
65.356621 87.174
65.830215 87.161
66.307251 87.148
66.787743 87.134
67.271713 87.118
67.759193 87.100
68.250206 87.079
68.744774 87.058
69.242928 87.037
69.744690 87.018
70.250084 87.001
70.759148 86.984
71.271896 86.967
71.788361 86.948
72.308571 86.931
72.832550 86.914
73.360321 86.897
73.891922 86.879
74.427376 86.859
74.966705 86.839
75.509949 86.818
76.057121 86.798
76.608261 86.777
77.163399 86.756
77.722557 86.733
78.285767 86.711
78.853058 86.688
79.424461 86.663
80.000000 86.633
80.579712 86.600
81.163628 86.566
81.751770 86.535
82.344177 86.510
82.940880 86.484
83.541901 86.453
84.147285 86.414
84.757050 86.373
85.371231 86.335
85.989868 86.302
86.612984 86.269
87.240616 86.233
87.872803 86.192
88.509560 86.147
89.150940 86.101
89.796967 86.054
90.447670 86.005
91.103088 85.951
91.763260 85.894
92.428215 85.836
93.097992 85.776
93.772614 85.710
94.452133 85.633
95.136566 85.548
95.825966 85.459
96.520363 85.375
97.219788 85.295
97.924286 85.213
98.633881 85.121
99.348625 85.018
100.068542 84.909
100.793686 84.795
101.524078 84.678
102.259766 84.564
103.000778 84.466
103.747162 84.389
104.498962 84.336
105.256203 84.305
106.018929 84.304
106.787186 84.343
107.561012 84.434
108.340446 84.573
109.125526 84.752
109.916290 84.954
110.712791 85.165
111.515060 85.370
112.323143 85.558
113.137085 85.722
113.956924 85.859
114.782700 85.969
115.614464 86.053
116.452255 86.114
117.296112 86.154
118.146095 86.176
119.002228 86.183
119.864563 86.177
120.733154 86.164
121.608040 86.148
122.489258 86.131
123.376869 86.111
124.270905 86.090
125.171425 86.063
126.078468 86.031
126.992081 85.996
127.912323 85.963
128.839233 85.932
129.772842 85.899
130.713242 85.862
131.660431 85.820
132.614502 85.777
133.575485 85.734
134.543427 85.694
135.518387 85.655
136.500412 85.618
137.489548 85.581
138.485855 85.546
139.489380 85.517
140.500168 85.497
141.518295 85.480
142.543793 85.459
143.576721 85.432
144.617142 85.400
145.665100 85.367
146.720642 85.333
147.783844 85.298
148.854752 85.263
149.933411 85.229
151.019897 85.197
152.114243 85.164
153.216522 85.132
154.326797 85.101
155.445114 85.070
156.571533 85.040
157.706116 85.008
158.848923 84.974
160.000000 84.941
161.159424 84.909
162.327255 84.877
163.503540 84.844
164.688354 84.812
165.881760 84.783
167.083801 84.755
168.294571 84.730
169.514099 84.707
170.742462 84.683
171.979736 84.659
173.225967 84.635
174.481232 84.608
175.745605 84.579
177.019119 84.545
178.301880 84.508
179.593933 84.465
180.895340 84.417
182.206177 84.364
183.526520 84.309
184.856430 84.254
186.195984 84.200
187.545227 84.148
188.904266 84.096
190.273132 84.046
191.651932 83.996
193.040726 83.948
194.439575 83.902
195.848572 83.860
197.267761 83.823
198.697250 83.789
200.137085 83.759
201.587372 83.732
203.048157 83.708
204.519531 83.687
206.001556 83.666
207.494324 83.645
208.997925 83.623
210.512405 83.599
212.037857 83.574
213.574371 83.546
215.122025 83.516
216.680893 83.484
218.251053 83.454
219.832581 83.426
221.425583 83.397
223.030121 83.366
224.646286 83.332
226.274170 83.298
227.913849 83.265
229.565399 83.233
231.228928 83.203
232.904510 83.173
234.592224 83.145
236.292191 83.116
238.004456 83.086
239.729126 83.055
241.466309 83.023
243.216080 82.991
244.978516 82.958
246.753738 82.927
248.541809 82.895
250.342850 82.863
252.156937 82.830
253.984161 82.796
255.824646 82.763
257.678467 82.731
259.545685 82.700
261.426483 82.671
263.320862 82.642
265.229004 82.613
267.150970 82.584
269.086853 82.554
271.036774 82.523
273.000824 82.493
274.979095 82.462
276.971710 82.432
278.978760 82.403
281.000336 82.371
283.036591 82.339
285.087585 82.308
287.153442 82.278
289.234283 82.248
291.330200 82.216
293.441284 82.184
295.567688 82.153
297.709503 82.122
299.866821 82.092
302.039795 82.065
304.228485 82.040
306.433044 82.015
308.653595 81.989
310.890228 81.961
313.143066 81.930
315.412231 81.898
317.697845 81.866
320.000000 81.837
322.318848 81.809
324.654510 81.782
327.007080 81.754
329.376709 81.725
331.763519 81.697
334.167603 81.672
336.589142 81.648
339.028198 81.625
341.484924 81.601
343.959473 81.575
346.451935 81.549
348.962463 81.521
351.491211 81.494
354.038239 81.467
356.603760 81.442
359.187866 81.419
361.790680 81.396
364.412354 81.374
367.053040 81.352
369.712860 81.330
372.391968 81.306
375.090454 81.280
377.808533 81.253
380.546265 81.227
383.303864 81.203
386.081451 81.183
388.879150 81.162
391.697144 81.139
394.535522 81.114
397.394501 81.088
400.274170 81.061
403.174744 81.034
406.096313 81.010
409.039062 80.990
412.003113 80.970
414.988647 80.948
417.995850 80.924
421.024811 80.899
424.075714 80.876
427.148743 80.854
430.244049 80.835
433.361786 80.818
436.502106 80.801
439.665161 80.784
442.851166 80.764
446.060242 80.743
449.292572 80.720
452.548340 80.698
455.827698 80.676
459.130798 80.655
462.457855 80.635
465.809021 80.617
469.184448 80.599
472.584381 80.584
476.008911 80.570
479.458252 80.555
482.932617 80.540
486.432159 80.524
489.957031 80.508
493.507477 80.492
497.083618 80.475
500.685699 80.458
504.313873 80.442
507.968323 80.428
511.649292 80.413
515.356934 80.398
519.091370 80.379
522.852966 80.361
526.641724 80.344
530.458008 80.330
534.301941 80.317
538.173706 80.307
542.073547 80.298
546.001648 80.287
549.958191 80.271
553.943420 80.254
557.957520 80.236
562.000671 80.220
566.073181 80.206
570.175171 80.194
574.306885 80.184
578.468567 80.177
582.660400 80.169
586.882568 80.158
591.135376 80.147
595.419006 80.137
599.733643 80.129
604.079590 80.121
608.456970 80.112
612.866089 80.103
617.307190 80.096
621.780457 80.091
626.286133 80.088
630.824463 80.083
635.395691 80.076
640.000000 80.067
644.637695 80.059
649.309021 80.054
654.014160 80.050
658.753418 80.048
663.527039 80.045
668.335205 80.042
673.178284 80.038
678.056396 80.035
682.969849 80.032
687.918945 80.030
692.903870 80.028
697.924927 80.028
702.982422 80.028
708.076477 80.031
713.207520 80.034
718.375732 80.037
723.581360 80.037
728.824707 80.039
734.106079 80.043
739.425720 80.049
744.783936 80.056
750.180908 80.061
755.617065 80.068
761.092529 80.076
766.607727 80.085
772.162903 80.095
777.758301 80.104
783.394287 80.113
789.071045 80.125
794.789001 80.140
800.548340 80.156
806.349487 80.172
812.192627 80.189
818.078125 80.204
824.006226 80.218
829.977295 80.230
835.991699 80.242
842.049622 80.257
848.151428 80.276
854.297485 80.300
860.488098 80.327
866.723572 80.354
873.004211 80.380
879.330322 80.401
885.702332 80.417
892.120483 80.433
898.585144 80.451
905.096680 80.474
911.655396 80.503
918.261597 80.540
924.915710 80.582
931.618042 80.626
938.368896 80.671
945.168762 80.714
952.017822 80.755
958.916504 80.794
965.865234 80.834
972.864319 80.874
979.914062 80.915
987.014954 80.954
994.167236 80.991
1001.371399 81.026
1008.627747 81.059
1015.936646 81.090
1023.298584 81.121
1030.713867 81.154
1038.182739 81.188
1045.705933 81.225
1053.283447 81.265
1060.916016 81.308
1068.603882 81.356
1076.347412 81.409
1084.147095 81.465
1092.003296 81.525
1099.916382 81.584
1107.886841 81.644
1115.915039 81.704
1124.001343 81.765
1132.146362 81.826
1140.350342 81.884
1148.613770 81.938
1156.937134 81.988
1165.320801 82.033
1173.765137 82.075
1182.270752 82.115
1190.838013 82.154
1199.467285 82.193
1208.159180 82.231
1216.913940 82.270
1225.732178 82.309
1234.614380 82.348
1243.560913 82.391
1252.572266 82.435
1261.648926 82.479
1270.791382 82.522
1280.000000 82.566
1289.275391 82.610
1298.618042 82.654
1308.028320 82.694
1317.506836 82.732
1327.054077 82.769
1336.670410 82.808
1346.356567 82.848
1356.112793 82.889
1365.939697 82.931
1375.837891 82.975
1385.807739 83.021
1395.849854 83.069
1405.964844 83.120
1416.152954 83.174
1426.415039 83.231
1436.751465 83.288
1447.162720 83.344
1457.649414 83.399
1468.212158 83.452
1478.851440 83.504
1489.567871 83.555
1500.361816 83.605
1511.234131 83.653
1522.185059 83.701
1533.215454 83.749
1544.325806 83.797
1555.516602 83.845
1566.788574 83.896
1578.142090 83.952
1589.578003 84.015
1601.096680 84.084
1612.698975 84.160
1624.385254 84.239
1636.156250 84.319
1648.012451 84.396
1659.954590 84.470
1671.983398 84.540
1684.099243 84.606
1696.302856 84.669
1708.594971 84.730
1720.976196 84.791
1733.447144 84.852
1746.008423 84.913
1758.660645 84.976
1771.404663 85.039
1784.240967 85.102
1797.170288 85.165
1810.193359 85.228
1823.310791 85.292
1836.523193 85.357
1849.831421 85.422
1863.236084 85.487
1876.737793 85.552
1890.337524 85.617
1904.035645 85.683
1917.833008 85.750
1931.730469 85.817
1945.728638 85.886
1959.828125 85.956
1974.029907 86.027
1988.334473 86.098
2002.742798 86.168
2017.255493 86.239
2031.873291 86.310
2046.597168 86.382
2061.427734 86.454
2076.365479 86.525
2091.411865 86.595
2106.566895 86.664
2121.832031 86.731
2137.207764 86.799
2152.694824 86.866
2168.294189 86.933
2184.006592 86.999
2199.832764 87.063
2215.773682 87.125
2231.830078 87.186
2248.002686 87.245
2264.292725 87.302
2280.700684 87.357
2297.227539 87.409
2313.874268 87.460
2330.641602 87.509
2347.530273 87.556
2364.541504 87.603
2381.676025 87.651
2398.934570 87.700
2416.318359 87.755
2433.827881 87.818
2451.464355 87.891
2469.228760 87.979
2487.121826 88.082
2505.144531 88.198
2523.297852 88.322
2541.582764 88.447
2560.000000 88.566
2578.550781 88.675
2597.236084 88.771
2616.056641 88.854
2635.013672 88.925
2654.108154 88.986
2673.340820 89.038
2692.713135 89.084
2712.225586 89.124
2731.879395 89.161
2751.675781 89.194
2771.615479 89.224
2791.699707 89.251
2811.929688 89.276
2832.305908 89.298
2852.830078 89.318
2873.502930 89.335
2894.325439 89.350
2915.298828 89.364
2936.424316 89.377
2957.702881 89.387
2979.135742 89.396
3000.723633 89.402
3022.468262 89.405
3044.370117 89.407
3066.430908 89.405
3088.651611 89.400
3111.033203 89.393
3133.577148 89.383
3156.284180 89.370
3179.156006 89.355
3202.193359 89.339
3225.397949 89.320
3248.770508 89.297
3272.312500 89.272
3296.024902 89.245
3319.909180 89.216
3343.966797 89.184
3368.198486 89.149
3392.605713 89.112
3417.189941 89.074
3441.952393 89.035
3466.894287 88.998
3492.016846 88.963
3517.321289 88.930
3542.809326 88.901
3568.481934 88.875
3594.340576 88.854
3620.386719 88.837
3646.621582 88.825
3673.046387 88.820
3699.662842 88.823
3726.472168 88.833
3753.475586 88.849
3780.675049 88.870
3808.071289 88.895
3835.666016 88.923
3863.460938 88.951
3891.457275 88.979
3919.656250 89.007
3948.059814 89.035
3976.668945 89.066
4005.485596 89.101
4034.510986 89.141
4063.746582 89.183
4093.194336 89.229
4122.855469 89.277
4152.730957 89.329
4182.823730 89.383
4213.133789 89.438
4243.664062 89.494
4274.415527 89.550
4305.389648 89.605
4336.588379 89.660
4368.013184 89.712
4399.665527 89.763
4431.547363 89.812
4463.660156 89.860
4496.005371 89.909
4528.585449 89.958
4561.401367 90.010
4594.455078 90.064
4627.748535 90.120
4661.283203 90.179
4695.060547 90.239
4729.083008 90.301
4763.352051 90.364
4797.869141 90.428
4832.636719 90.492
4867.655762 90.555
4902.928711 90.617
4938.457520 90.677
4974.243652 90.736
5010.289062 90.791
5046.595703 90.842
5083.165527 90.885
5120.000000 90.921
5157.101562 90.947
5194.472168 90.964
5232.113281 90.975
5270.027344 90.987
5308.216309 91.006
5346.681641 91.042
5385.426270 91.099
5424.451172 91.174
5463.758789 91.257
5503.351562 91.335
5543.230957 91.396
5583.399414 91.435
5623.859375 91.449
5664.611816 91.441
5705.660156 91.412
5747.005859 91.365
5788.650879 91.300
5830.597656 91.219
5872.848633 91.124
5915.405762 91.017
5958.271484 90.900
6001.447266 90.774
6044.936523 90.642
6088.740234 90.503
6132.861816 90.362
6177.303223 90.218
6222.066406 90.074
6267.154297 89.930
6312.568359 89.786
6358.312012 89.644
6404.386719 89.505
6450.795898 89.370
6497.541016 89.239
6544.625000 89.113
6592.049805 88.992
6639.818359 88.877
6687.933594 88.769
6736.396973 88.669
6785.211426 88.578
6834.379883 88.497
6883.904785 88.426
6933.788574 88.367
6984.033691 88.318
7034.642578 88.282
7085.618652 88.259
7136.963867 88.250
7188.681152 88.257
7240.773438 88.280
7293.243164 88.320
7346.092773 88.377
7399.325684 88.454
7452.944336 88.553
7506.951172 88.673
7561.350098 88.811
7616.142578 88.959
7671.332031 89.104
7726.921875 89.235
7782.914551 89.339
7839.312500 89.397
7896.119629 89.387
7953.337891 89.286
8010.971191 89.077
8069.021973 88.753
8127.493164 88.321
8186.388672 87.791
8245.710938 87.177
8305.461914 86.492
8365.647461 85.750
8426.267578 84.971
8487.328125 84.169
8548.831055 83.359
8610.779297 82.548
8673.176758 81.745
8736.026367 80.954
8799.331055 80.185
8863.094727 79.444
8927.320312 78.740
8992.010742 78.080
9057.170898 77.473
9122.802734 76.930
9188.910156 76.467
9255.497070 76.101
9322.566406 75.848
9390.121094 75.720
9458.166016 75.720
9526.704102 75.845
9595.738281 76.082
9665.273438 76.413
9735.311523 76.818
9805.857422 77.273
9876.915039 77.750
9948.487305 78.226
10020.578125 78.679
10093.191406 79.090
10166.331055 79.441
10240.000000 79.722
10314.203125 79.929
10388.944336 80.059
10464.226562 80.116
10540.054688 80.106
10616.432617 80.039
10693.363281 79.923
10770.852539 79.770
10848.902344 79.589
10927.517578 79.389
11006.703125 79.181
11086.461914 78.976
11166.798828 78.782
11247.718750 78.607
11329.223633 78.455
11411.320312 78.334
11494.011719 78.248
11577.301758 78.201
11661.195312 78.196
11745.697266 78.229
11830.811523 78.296
11916.542969 78.392
12002.894531 78.511
12089.873047 78.644
12177.480469 78.785
12265.723633 78.931
12354.606445 79.084
12444.132812 79.245
12534.308594 79.418
12625.136719 79.605
12716.624023 79.814
12808.773438 80.052
12901.591797 80.322
12995.082031 80.627
13089.250000 80.966
13184.099609 81.338
13279.636719 81.742
13375.867188 82.184
13472.793945 82.669
13570.422852 83.200
13668.759766 83.767
13767.809570 84.352
13867.577148 84.930
13968.067383 85.474
14069.285156 85.949
14171.237305 86.311
14273.927734 86.520
14377.362305 86.550
14481.546875 86.396
14586.486328 86.073
14692.185547 85.618
14798.651367 85.086
14905.888672 84.527
15013.902344 83.981
15122.700195 83.477
15232.285156 83.037
15342.664062 82.678
15453.843750 82.416
15565.829102 82.261
15678.625000 82.223
15792.239258 82.309
15906.675781 82.527
16021.942383 82.876
16138.043945 83.325
16254.986328 83.805
16372.777344 84.220
16491.421875 84.461
16610.923828 84.430
16731.294922 84.059
16852.535156 83.327
16974.656250 82.264
17097.662109 80.937
17221.558594 79.436
17346.353516 77.847
17472.052734 76.248
17598.662109 74.695
17726.189453 73.223
17854.640625 71.846
17984.021484 70.562
18114.341797 69.365
18245.605469 68.246
18377.820312 67.198
18510.994141 66.219
18645.132812 65.305
18780.242188 64.449
18916.332031 63.654
19053.408203 62.926
19191.476562 62.268
19330.546875 61.686
19470.623047 61.178
19611.714844 60.740
19753.830078 60.376
19896.974609 60.127
