20.000000 85.743
20.144928 85.772
20.290907 85.801
20.437943 85.830
20.586044 85.858
20.735220 85.887
20.885475 85.915
21.036821 85.942
21.189262 85.969
21.342808 85.996
21.497467 86.022
21.653246 86.048
21.810154 86.073
21.968201 86.099
22.127390 86.124
22.287735 86.149
22.449242 86.174
22.611917 86.199
22.775772 86.223
22.940815 86.248
23.107054 86.271
23.274498 86.295
23.443153 86.318
23.613033 86.341
23.784142 86.364
23.956491 86.388
24.130091 86.412
24.304947 86.437
24.481071 86.462
24.658470 86.488
24.837156 86.514
25.017136 86.540
25.198421 86.564
25.381020 86.587
25.564941 86.609
25.750195 86.627
25.936790 86.644
26.124741 86.658
26.314051 86.671
26.504732 86.684
26.696796 86.698
26.890253 86.713
27.085112 86.731
27.281382 86.752
27.479073 86.775
27.678198 86.800
27.878765 86.826
28.080786 86.851
28.284271 86.875
28.489231 86.896
28.695675 86.915
28.903616 86.932
29.113064 86.947
29.324028 86.961
29.536524 86.975
29.750557 86.989
29.966141 87.003
30.183289 87.017
30.402010 87.030
30.622314 87.043
30.844217 87.055
31.067726 87.065
31.292856 87.074
31.519617 87.083
31.748020 87.091
31.978081 87.100
32.209808 87.109
32.443211 87.118
32.678310 87.128
32.915108 87.137
33.153625 87.145
33.393871 87.153
33.635857 87.160
33.879597 87.167
34.125103 87.174
34.372387 87.181
34.621464 87.190
34.872345 87.199
35.125042 87.208
35.379574 87.216
35.635948 87.224
35.894180 87.231
36.154285 87.237
36.416275 87.244
36.680161 87.252
36.945961 87.260
37.213688 87.270
37.483353 87.279
37.754974 87.287
38.028561 87.293
38.304131 87.296
38.581699 87.298
38.861279 87.301
39.142883 87.309
39.426529 87.321
39.712231 87.339
40.000000 87.358
40.289856 87.376
40.581814 87.388
40.875885 87.393
41.172089 87.389
41.470440 87.382
41.770950 87.373
42.073643 87.368
42.378525 87.369
42.685616 87.374
42.994934 87.381
43.306492 87.387
43.620308 87.390
43.936401 87.390
44.254780 87.390
44.575470 87.389
44.898483 87.390
45.223835 87.391
45.551544 87.391
45.881630 87.389
46.214108 87.386
46.548996 87.380
46.886307 87.375
47.226067 87.371
47.568283 87.370
47.912983 87.371
48.260181 87.373
48.609894 87.375
48.962143 87.376
49.316940 87.374
49.674313 87.369
50.034271 87.363
50.396843 87.358
50.762039 87.356
51.129883 87.357
51.500389 87.360
51.873581 87.363
52.249481 87.363
52.628101 87.359
53.009464 87.353
53.393593 87.345
53.780506 87.338
54.170223 87.331
54.562763 87.327
54.958145 87.322
55.356396 87.315
55.757530 87.308
56.161572 87.298
56.568542 87.288
56.978462 87.278
57.391350 87.269
57.807232 87.264
58.226128 87.260
58.648056 87.256
59.073048 87.250
59.501114 87.242
59.932281 87.232
60.366577 87.223
60.804020 87.215
61.244629 87.209
61.688435 87.203
62.135452 87.193
62.585712 87.182
63.039234 87.170
63.496040 87.159
63.956161 87.151
64.419617 87.144
64.886421 87.138
65.356621 87.131
65.830215 87.120
66.307251 87.107
66.787743 87.091
67.271713 87.074
67.759193 87.060
68.250206 87.047
68.744774 87.036
69.242928 87.025
69.744690 87.014
70.250084 87.003
70.759148 86.992
71.271896 86.980
71.788361 86.966
72.308571 86.950
72.832550 86.932
73.360321 86.915
73.891922 86.898
74.427376 86.882
74.966705 86.865
75.509949 86.848
76.057121 86.831
76.608261 86.815
77.163399 86.801
77.722557 86.787
78.285767 86.771
78.853058 86.754
79.424461 86.737
80.000000 86.722
80.579712 86.708
81.163628 86.695
81.751770 86.679
82.344177 86.659
82.940880 86.637
83.541901 86.613
84.147285 86.589
84.757050 86.567
85.371231 86.547
85.989868 86.527
86.612984 86.506
87.240616 86.484
87.872803 86.464
88.509560 86.443
89.150940 86.422
89.796967 86.399
90.447670 86.376
91.103088 86.353
91.763260 86.330
92.428215 86.306
93.097992 86.281
93.772614 86.258
94.452133 86.236
95.136566 86.214
95.825966 86.190
96.520363 86.164
97.219788 86.138
97.924286 86.113
98.633881 86.089
99.348625 86.064
100.068542 86.038
100.793686 86.010
101.524078 85.980
102.259766 85.948
103.000778 85.917
103.747162 85.888
104.498962 85.859
105.256203 85.830
106.018929 85.799
106.787186 85.767
107.561012 85.734
108.340446 85.703
109.125526 85.671
109.916290 85.639
110.712791 85.606
111.515060 85.575
112.323143 85.544
113.137085 85.511
113.956924 85.478
114.782700 85.443
115.614464 85.406
116.452255 85.367
117.296112 85.325
118.146095 85.283
119.002228 85.240
119.864563 85.195
120.733154 85.149
121.608040 85.104
122.489258 85.059
123.376869 85.015
124.270905 84.972
125.171425 84.931
126.078468 84.888
126.992081 84.842
127.912323 84.794
128.839233 84.748
129.772842 84.705
130.713242 84.663
131.660431 84.620
132.614502 84.574
133.575485 84.528
134.543427 84.480
135.518387 84.428
136.500412 84.368
137.489548 84.302
138.485855 84.234
139.489380 84.163
140.500168 84.090
141.518295 84.016
142.543793 83.944
143.576721 83.878
144.617142 83.821
145.665100 83.779
146.720642 83.756
147.783844 83.756
148.854752 83.784
149.933411 83.844
151.019897 83.937
152.114243 84.055
153.216522 84.189
154.326797 84.330
155.445114 84.467
156.571533 84.595
157.706116 84.707
158.848923 84.798
160.000000 84.865
161.159424 84.909
162.327255 84.932
163.503540 84.935
164.688354 84.922
165.881760 84.902
167.083801 84.884
168.294571 84.869
169.514099 84.854
170.742462 84.836
171.979736 84.812
173.225967 84.784
174.481232 84.753
175.745605 84.719
177.019119 84.680
178.301880 84.635
179.593933 84.584
180.895340 84.529
182.206177 84.470
183.526520 84.410
184.856430 84.349
186.195984 84.286
187.545227 84.224
188.904266 84.163
190.273132 84.105
191.651932 84.051
193.040726 84.001
194.439575 83.954
195.848572 83.911
197.267761 83.873
198.697250 83.838
200.137085 83.806
201.587372 83.778
203.048157 83.751
204.519531 83.727
206.001556 83.703
207.494324 83.679
208.997925 83.656
210.512405 83.632
212.037857 83.608
213.574371 83.581
215.122025 83.552
216.680893 83.520
218.251053 83.486
219.832581 83.452
221.425583 83.419
223.030121 83.386
224.646286 83.354
226.274170 83.321
227.913849 83.287
229.565399 83.254
231.228928 83.221
232.904510 83.189
234.592224 83.158
236.292191 83.127
238.004456 83.095
239.729126 83.060
241.466309 83.023
243.216080 82.987
244.978516 82.953
246.753738 82.923
248.541809 82.895
250.342850 82.867
252.156937 82.839
253.984161 82.809
255.824646 82.777
257.678467 82.744
259.545685 82.709
261.426483 82.675
263.320862 82.641
265.229004 82.606
267.150970 82.573
269.086853 82.541
271.036774 82.511
273.000824 82.482
274.979095 82.454
276.971710 82.425
278.978760 82.395
281.000336 82.364
283.036591 82.334
285.087585 82.304
287.153442 82.273
289.234283 82.239
291.330200 82.206
293.441284 82.174
295.567688 82.144
297.709503 82.113
299.866821 82.080
302.039795 82.048
304.228485 82.019
306.433044 81.992
308.653595 81.966
310.890228 81.941
313.143066 81.915
315.412231 81.887
317.697845 81.857
320.000000 81.828
322.318848 81.800
324.654510 81.774
327.007080 81.749
329.376709 81.724
331.763519 81.698
334.167603 81.674
336.589142 81.652
339.028198 81.630
341.484924 81.607
343.959473 81.580
346.451935 81.552
348.962463 81.525
351.491211 81.500
354.038239 81.476
356.603760 81.453
359.187866 81.428
361.790680 81.401
364.412354 81.374
367.053040 81.347
369.712860 81.322
372.391968 81.300
375.090454 81.279
377.808533 81.256
380.546265 81.231
383.303864 81.206
386.081451 81.182
388.879150 81.159
391.697144 81.136
394.535522 81.113
397.394501 81.090
400.274170 81.068
403.174744 81.048
406.096313 81.027
409.039062 81.006
412.003113 80.983
414.988647 80.958
417.995850 80.933
421.024811 80.909
424.075714 80.885
427.148743 80.862
430.244049 80.840
433.361786 80.819
436.502106 80.798
439.665161 80.778
442.851166 80.759
446.060242 80.739
449.292572 80.718
452.548340 80.697
455.827698 80.677
459.130798 80.657
462.457855 80.638
465.809021 80.621
469.184448 80.605
472.584381 80.589
476.008911 80.573
479.458252 80.557
482.932617 80.541
486.432159 80.523
489.957031 80.506
493.507477 80.489
497.083618 80.473
500.685699 80.455
504.313873 80.435
507.968323 80.413
511.649292 80.391
515.356934 80.373
519.091370 80.360
522.852966 80.350
526.641724 80.339
530.458008 80.325
534.301941 80.308
538.173706 80.292
542.073547 80.278
546.001648 80.267
549.958191 80.258
553.943420 80.248
557.957520 80.237
562.000671 80.224
566.073181 80.210
570.175171 80.195
574.306885 80.181
578.468567 80.170
582.660400 80.161
586.882568 80.154
591.135376 80.146
595.419006 80.133
599.733643 80.118
604.079590 80.104
608.456970 80.092
612.866089 80.082
617.307190 80.074
621.780457 80.069
626.286133 80.064
630.824463 80.058
635.395691 80.049
640.000000 80.040
644.637695 80.035
649.309021 80.033
654.014160 80.033
658.753418 80.032
663.527039 80.030
668.335205 80.027
673.178284 80.023
678.056396 80.018
682.969849 80.014
687.918945 80.012
692.903870 80.012
697.924927 80.013
702.982422 80.014
708.076477 80.014
713.207520 80.015
718.375732 80.016
723.581360 80.018
728.824707 80.019
734.106079 80.021
739.425720 80.023
744.783936 80.026
750.180908 80.031
755.617065 80.038
761.092529 80.046
766.607727 80.053
772.162903 80.059
777.758301 80.068
783.394287 80.079
789.071045 80.092
794.789001 80.104
800.548340 80.116
806.349487 80.129
812.192627 80.144
818.078125 80.160
824.006226 80.175
829.977295 80.189
835.991699 80.203
842.049622 80.218
848.151428 80.236
854.297485 80.256
860.488098 80.280
866.723572 80.305
873.004211 80.329
879.330322 80.350
885.702332 80.370
892.120483 80.391
898.585144 80.412
905.096680 80.435
911.655396 80.464
918.261597 80.501
924.915710 80.542
931.618042 80.584
938.368896 80.627
945.168762 80.668
952.017822 80.707
958.916504 80.745
965.865234 80.783
972.864319 80.821
979.914062 80.858
987.014954 80.894
994.167236 80.930
1001.371399 80.967
1008.627747 81.004
1015.936646 81.040
1023.298584 81.075
1030.713867 81.110
1038.182739 81.147
1045.705933 81.187
1053.283447 81.228
1060.916016 81.274
1068.603882 81.322
1076.347412 81.373
1084.147095 81.426
1092.003296 81.481
1099.916382 81.539
1107.886841 81.600
1115.915039 81.661
1124.001343 81.722
1132.146362 81.783
1140.350342 81.843
1148.613770 81.902
1156.937134 81.958
1165.320801 82.009
1173.765137 82.056
1182.270752 82.100
1190.838013 82.140
1199.467285 82.179
1208.159180 82.217
1216.913940 82.254
1225.732178 82.291
1234.614380 82.329
1243.560913 82.367
1252.572266 82.405
1261.648926 82.444
1270.791382 82.483
1280.000000 82.523
1289.275391 82.563
1298.618042 82.603
1308.028320 82.644
1317.506836 82.685
1327.054077 82.728
1336.670410 82.772
1346.356567 82.818
1356.112793 82.865
1365.939697 82.913
1375.837891 82.962
1385.807739 83.010
1395.849854 83.059
1405.964844 83.111
1416.152954 83.165
1426.415039 83.223
1436.751465 83.282
1447.162720 83.343
1457.649414 83.402
1468.212158 83.460
1478.851440 83.516
1489.567871 83.571
1500.361816 83.624
1511.234131 83.678
1522.185059 83.730
1533.215454 83.781
1544.325806 83.832
1555.516602 83.882
1566.788574 83.935
1578.142090 83.988
1589.578003 84.043
1601.096680 84.098
1612.698975 84.152
1624.385254 84.204
1636.156250 84.255
1648.012451 84.307
1659.954590 84.361
1671.983398 84.416
1684.099243 84.471
1696.302856 84.527
1708.594971 84.583
1720.976196 84.640
1733.447144 84.697
1746.008423 84.754
1758.660645 84.810
1771.404663 84.866
1784.240967 84.923
1797.170288 84.981
1810.193359 85.041
1823.310791 85.100
1836.523193 85.159
1849.831421 85.216
1863.236084 85.272
1876.737793 85.328
1890.337524 85.386
1904.035645 85.447
1917.833008 85.510
1931.730469 85.577
1945.728638 85.647
1959.828125 85.719
1974.029907 85.793
1988.334473 85.869
2002.742798 85.945
2017.255493 86.018
2031.873291 86.089
2046.597168 86.157
2061.427734 86.224
2076.365479 86.290
2091.411865 86.355
2106.566895 86.419
2121.832031 86.484
2137.207764 86.551
2152.694824 86.621
2168.294189 86.693
2184.006592 86.767
2199.832764 86.841
2215.773682 86.913
2231.830078 86.980
2248.002686 87.044
2264.292725 87.104
2280.700684 87.161
2297.227539 87.215
2313.874268 87.267
2330.641602 87.318
2347.530273 87.368
2364.541504 87.420
2381.676025 87.474
2398.934570 87.533
2416.318359 87.598
2433.827881 87.669
2451.464355 87.747
2469.228760 87.835
2487.121826 87.932
2505.144531 88.041
2523.297852 88.159
2541.582764 88.282
2560.000000 88.406
2578.550781 88.527
2597.236084 88.644
2616.056641 88.755
2635.013672 88.858
2654.108154 88.952
2673.340820 89.037
2692.713135 89.112
2712.225586 89.178
2731.879395 89.235
2751.675781 89.284
2771.615479 89.326
2791.699707 89.361
2811.929688 89.391
2832.305908 89.415
2852.830078 89.434
2873.502930 89.448
2894.325439 89.458
2915.298828 89.465
2936.424316 89.468
2957.702881 89.469
2979.135742 89.468
3000.723633 89.464
3022.468262 89.459
3044.370117 89.454
3066.430908 89.450
3088.651611 89.445
3111.033203 89.440
3133.577148 89.435
3156.284180 89.428
3179.156006 89.419
3202.193359 89.411
3225.397949 89.402
3248.770508 89.394
3272.312500 89.385
3296.024902 89.376
3319.909180 89.366
3343.966797 89.355
3368.198486 89.342
3392.605713 89.328
3417.189941 89.313
3441.952393 89.297
3466.894287 89.283
3492.016846 89.272
3517.321289 89.266
3542.809326 89.264
3568.481934 89.266
3594.340576 89.272
3620.386719 89.280
3646.621582 89.288
3673.046387 89.295
3699.662842 89.301
3726.472168 89.303
3753.475586 89.301
3780.675049 89.293
3808.071289 89.281
3835.666016 89.265
3863.460938 89.246
3891.457275 89.224
3919.656250 89.197
3948.059814 89.170
3976.668945 89.145
4005.485596 89.126
4034.510986 89.114
4063.746582 89.110
4093.194336 89.114
4122.855469 89.127
4152.730957 89.148
4182.823730 89.176
4213.133789 89.208
4243.664062 89.242
4274.415527 89.278
4305.389648 89.314
4336.588379 89.350
4368.013184 89.386
4399.665527 89.421
4431.547363 89.456
4463.660156 89.491
4496.005371 89.527
4528.585449 89.563
4561.401367 89.600
4594.455078 89.638
4627.748535 89.676
4661.283203 89.715
4695.060547 89.754
4729.083008 89.793
4763.352051 89.832
4797.869141 89.871
4832.636719 89.911
4867.655762 89.951
4902.928711 89.992
4938.457520 90.033
4974.243652 90.072
5010.289062 90.107
5046.595703 90.135
5083.165527 90.156
5120.000000 90.169
5157.101562 90.172
5194.472168 90.167
5232.113281 90.155
5270.027344 90.142
5308.216309 90.136
5346.681641 90.145
5385.426270 90.173
5424.451172 90.219
5463.758789 90.276
5503.351562 90.331
5543.230957 90.374
5583.399414 90.398
5623.859375 90.401
5664.611816 90.382
5705.660156 90.344
5747.005859 90.289
5788.650879 90.219
5830.597656 90.136
5872.848633 90.040
5915.405762 89.935
5958.271484 89.820
6001.447266 89.698
6044.936523 89.567
6088.740234 89.430
6132.861816 89.287
6177.303223 89.139
6222.066406 88.988
6267.154297 88.835
6312.568359 88.680
6358.312012 88.526
6404.386719 88.372
6450.795898 88.220
6497.541016 88.070
6544.625000 87.922
6592.049805 87.777
6639.818359 87.636
6687.933594 87.500
6736.396973 87.370
6785.211426 87.246
6834.379883 87.128
6883.904785 87.018
6933.788574 86.916
6984.033691 86.822
7034.642578 86.738
7085.618652 86.665
7136.963867 86.605
7188.681152 86.556
7240.773438 86.522
7293.243164 86.503
7346.092773 86.502
7399.325684 86.521
7452.944336 86.565
7506.951172 86.638
7561.350098 86.742
7616.142578 86.877
7671.332031 87.041
7726.921875 87.235
7782.914551 87.458
7839.312500 87.699
7896.119629 87.941
7953.337891 88.162
8010.971191 88.338
8069.021973 88.451
8127.493164 88.489
8186.388672 88.444
8245.710938 88.303
8305.461914 88.055
8365.647461 87.698
8426.267578 87.236
8487.328125 86.678
8548.831055 86.039
8610.779297 85.334
8673.176758 84.582
8736.026367 83.798
8799.331055 83.000
8863.094727 82.202
8927.320312 81.422
8992.010742 80.674
9057.170898 79.974
9122.802734 79.338
9188.910156 78.781
9255.497070 78.318
9322.566406 77.967
9390.121094 77.741
9458.166016 77.647
9526.704102 77.680
9595.738281 77.830
9665.273438 78.080
9735.311523 78.407
9805.857422 78.785
9876.915039 79.188
9948.487305 79.590
10020.578125 79.969
10093.191406 80.305
10166.331055 80.582
10240.000000 80.790
10314.203125 80.923
10388.944336 80.979
10464.226562 80.960
10540.054688 80.872
10616.432617 80.723
10693.363281 80.525
10770.852539 80.288
10848.902344 80.023
10927.517578 79.740
11006.703125 79.445
11086.461914 79.149
11166.798828 78.861
11247.718750 78.588
11329.223633 78.337
11411.320312 78.115
11494.011719 77.927
11577.301758 77.776
11661.195312 77.661
11745.697266 77.581
11830.811523 77.532
11916.542969 77.508
12002.894531 77.507
12089.873047 77.522
12177.480469 77.547
12265.723633 77.578
12354.606445 77.611
12444.132812 77.644
12534.308594 77.679
12625.136719 77.721
12716.624023 77.777
12808.773438 77.853
12901.591797 77.951
12995.082031 78.076
13089.250000 78.229
13184.099609 78.408
13279.636719 78.616
13375.867188 78.863
13472.793945 79.163
13570.422852 79.533
13668.759766 79.985
13767.809570 80.529
13867.577148 81.175
13968.067383 81.935
14069.285156 82.799
14171.237305 83.723
14273.927734 84.638
14377.362305 85.470
14481.546875 86.146
14586.486328 86.604
14692.185547 86.812
14798.651367 86.764
14905.888672 86.477
15013.902344 85.989
15122.700195 85.354
15232.285156 84.633
15342.664062 83.889
15453.843750 83.175
15565.829102 82.530
15678.625000 81.978
15792.239258 81.535
15906.675781 81.215
16021.942383 81.035
16138.043945 81.003
16254.986328 81.110
16372.777344 81.332
16491.421875 81.645
16610.923828 82.017
16731.294922 82.405
16852.535156 82.743
16974.656250 82.938
17097.662109 82.887
17221.558594 82.509
17346.353516 81.769
17472.052734 80.687
17598.662109 79.326
17726.189453 77.771
17854.640625 76.110
17984.021484 74.423
18114.341797 72.770
18245.605469 71.188
18377.820312 69.692
18510.994141 68.284
18645.132812 66.964
18780.242188 65.726
18916.332031 64.562
19053.408203 63.468
19191.476562 62.446
19330.546875 61.497
19470.623047 60.624
19611.714844 59.841
19753.830078 59.192
19896.974609 58.765
