20.000000 87.790
20.144928 87.894
20.290907 87.974
20.437943 88.026
20.586044 88.045
20.735220 88.032
20.885475 87.989
21.036821 87.920
21.189262 87.832
21.342808 87.736
21.497467 87.643
21.653246 87.564
21.810154 87.509
21.968201 87.485
22.127390 87.494
22.287735 87.533
22.449242 87.594
22.611917 87.668
22.775772 87.743
22.940815 87.810
23.107054 87.862
23.274498 87.893
23.443153 87.904
23.613033 87.896
23.784142 87.876
23.956491 87.852
24.130091 87.831
24.304947 87.823
24.481071 87.831
24.658470 87.859
24.837156 87.903
25.017136 87.956
25.198421 88.010
25.381020 88.054
25.564941 88.078
25.750195 88.075
25.936790 88.040
26.124741 87.973
26.314051 87.877
26.504732 87.759
26.696796 87.630
26.890253 87.503
27.085112 87.391
27.281382 87.307
27.479073 87.258
27.678198 87.245
27.878765 87.265
28.080786 87.309
28.284271 87.367
28.489231 87.427
28.695675 87.482
28.903616 87.525
29.113064 87.555
29.324028 87.570
29.536524 87.575
29.750557 87.573
29.966141 87.567
30.183289 87.561
30.402010 87.556
30.622314 87.552
30.844217 87.549
31.067726 87.544
31.292856 87.537
31.519617 87.529
31.748020 87.520
31.978081 87.512
32.209808 87.508
32.443211 87.509
32.678310 87.515
32.915108 87.529
33.153625 87.548
33.393871 87.573
33.635857 87.604
33.879597 87.641
34.125103 87.686
34.372387 87.738
34.621464 87.798
34.872345 87.861
35.125042 87.923
35.379574 87.978
35.635948 88.018
35.894180 88.038
36.154285 88.036
36.416275 88.013
36.680161 87.975
36.945961 87.932
37.213688 87.896
37.483353 87.874
37.754974 87.873
38.028561 87.891
38.304131 87.922
38.581699 87.958
38.861279 87.990
39.142883 88.011
39.426529 88.022
39.712231 88.023
40.000000 88.021
40.289856 88.020
40.581814 88.022
40.875885 88.026
41.172089 88.027
41.470440 88.023
41.770950 88.011
42.073643 87.990
42.378525 87.964
42.685616 87.938
42.994934 87.918
43.306492 87.907
43.620308 87.905
43.936401 87.911
44.254780 87.921
44.575470 87.931
44.898483 87.940
45.223835 87.946
45.551544 87.952
45.881630 87.959
46.214108 87.969
46.548996 87.982
46.886307 87.996
47.226067 88.010
47.568283 88.019
47.912983 88.025
48.260181 88.026
48.609894 88.027
48.962143 88.031
49.316940 88.041
49.674313 88.059
50.034271 88.081
50.396843 88.103
50.762039 88.118
51.129883 88.125
51.500389 88.124
51.873581 88.119
52.249481 88.114
52.628101 88.109
53.009464 88.104
53.393593 88.096
53.780506 88.084
54.170223 88.069
54.562763 88.054
54.958145 88.040
55.356396 88.026
55.757530 88.011
56.161572 87.996
56.568542 87.984
56.978462 87.975
57.391350 87.969
57.807232 87.963
58.226128 87.953
58.648056 87.938
59.073048 87.922
59.501114 87.909
59.932281 87.899
60.366577 87.890
60.804020 87.879
61.244629 87.865
61.688435 87.854
62.135452 87.848
62.585712 87.845
63.039234 87.839
63.496040 87.825
63.956161 87.807
64.419617 87.791
64.886421 87.783
65.356621 87.779
65.830215 87.774
66.307251 87.765
66.787743 87.752
67.271713 87.739
67.759193 87.727
68.250206 87.718
68.744774 87.711
69.242928 87.700
69.744690 87.680
70.250084 87.656
70.759148 87.638
71.271896 87.631
71.788361 87.625
72.308571 87.610
72.832550 87.589
73.360321 87.569
73.891922 87.552
74.427376 87.532
74.966705 87.511
75.509949 87.498
76.057121 87.489
76.608261 87.468
77.163399 87.440
77.722557 87.422
78.285767 87.417
78.853058 87.406
79.424461 87.378
80.000000 87.350
80.579712 87.338
81.163628 87.326
81.751770 87.298
82.344177 87.271
82.940880 87.263
83.541901 87.261
84.147285 87.237
84.757050 87.199
85.371231 87.179
85.989868 87.174
86.612984 87.152
87.240616 87.109
87.872803 87.080
88.509560 87.075
89.150940 87.063
89.796967 87.024
90.447670 86.983
91.103088 86.965
91.763260 86.958
92.428215 86.936
93.097992 86.895
93.772614 86.868
94.452133 86.869
95.136566 86.866
95.825966 86.827
96.520363 86.778
97.219788 86.756
97.924286 86.751
98.633881 86.731
99.348625 86.690
100.068542 86.640
100.793686 86.611
101.524078 86.613
102.259766 86.602
103.000778 86.549
103.747162 86.496
104.498962 86.479
105.256203 86.475
106.018929 86.461
106.787186 86.430
107.561012 86.377
108.340446 86.335
109.125526 86.337
109.916290 86.346
110.712791 86.310
111.515060 86.249
112.323143 86.200
113.137085 86.168
113.956924 86.160
114.782700 86.168
115.614464 86.144
116.452255 86.072
117.296112 86.003
118.146095 85.975
119.002228 85.967
119.864563 85.963
120.733154 85.958
121.608040 85.921
122.489258 85.841
123.376869 85.765
124.270905 85.736
125.171425 85.731
126.078468 85.719
126.992081 85.705
127.912323 85.679
128.839233 85.614
129.772842 85.523
130.713242 85.458
131.660431 85.436
132.614502 85.426
133.575485 85.414
134.543427 85.412
135.518387 85.409
136.500412 85.374
137.489548 85.292
138.485855 85.207
139.489380 85.147
140.500168 85.092
141.518295 85.021
142.543793 84.962
143.576721 84.949
144.617142 84.968
145.665100 84.972
146.720642 84.949
147.783844 84.930
148.854752 84.936
149.933411 84.937
151.019897 84.902
152.114243 84.833
153.216522 84.773
154.326797 84.746
155.445114 84.734
156.571533 84.698
157.706116 84.629
158.848923 84.558
160.000000 84.520
161.159424 84.522
162.327255 84.531
163.503540 84.513
164.688354 84.462
165.881760 84.404
167.083801 84.372
168.294571 84.382
169.514099 84.414
170.742462 84.434
171.979736 84.410
173.225967 84.333
174.481232 84.212
175.745605 84.082
177.019119 83.988
178.301880 83.959
179.593933 83.996
180.895340 84.074
182.206177 84.165
183.526520 84.237
184.856430 84.264
186.195984 84.243
187.545227 84.181
188.904266 84.095
190.273132 84.010
191.651932 83.945
193.040726 83.913
194.439575 83.908
195.848572 83.915
197.267761 83.918
198.697250 83.914
200.137085 83.908
201.587372 83.897
203.048157 83.883
204.519531 83.869
206.001556 83.849
207.494324 83.821
208.997925 83.788
210.512405 83.754
212.037857 83.720
213.574371 83.690
215.122025 83.664
216.680893 83.645
218.251053 83.632
219.832581 83.623
221.425583 83.616
223.030121 83.607
224.646286 83.588
226.274170 83.553
227.913849 83.506
229.565399 83.452
231.228928 83.402
232.904510 83.362
234.592224 83.333
236.292191 83.308
238.004456 83.280
239.729126 83.245
241.466309 83.203
243.216080 83.159
244.978516 83.120
246.753738 83.086
248.541809 83.054
250.342850 83.019
252.156937 82.983
253.984161 82.946
255.824646 82.910
257.678467 82.874
259.545685 82.836
261.426483 82.799
263.320862 82.766
265.229004 82.737
267.150970 82.710
269.086853 82.682
271.036774 82.649
273.000824 82.613
274.979095 82.578
276.971710 82.544
278.978760 82.511
281.000336 82.477
283.036591 82.442
285.087585 82.409
287.153442 82.379
289.234283 82.351
291.330200 82.323
293.441284 82.293
295.567688 82.260
297.709503 82.227
299.866821 82.195
302.039795 82.163
304.228485 82.130
306.433044 82.098
308.653595 82.066
310.890228 82.036
313.143066 82.007
315.412231 81.979
317.697845 81.952
320.000000 81.926
322.318848 81.899
324.654510 81.871
327.007080 81.842
329.376709 81.813
331.763519 81.782
334.167603 81.749
336.589142 81.717
339.028198 81.686
341.484924 81.658
343.959473 81.631
346.451935 81.605
348.962463 81.578
351.491211 81.551
354.038239 81.524
356.603760 81.495
359.187866 81.467
361.790680 81.441
364.412354 81.416
367.053040 81.392
369.712860 81.369
372.391968 81.344
375.090454 81.319
377.808533 81.293
380.546265 81.266
383.303864 81.240
386.081451 81.214
388.879150 81.189
391.697144 81.164
394.535522 81.141
397.394501 81.120
400.274170 81.099
403.174744 81.077
406.096313 81.052
409.039062 81.027
412.003113 81.003
414.988647 80.979
417.995850 80.955
421.024811 80.930
424.075714 80.905
427.148743 80.882
430.244049 80.861
433.361786 80.840
436.502106 80.817
439.665161 80.794
442.851166 80.773
446.060242 80.754
449.292572 80.734
452.548340 80.713
455.827698 80.691
459.130798 80.670
462.457855 80.649
465.809021 80.628
469.184448 80.608
472.584381 80.590
476.008911 80.571
479.458252 80.553
482.932617 80.537
486.432159 80.521
489.957031 80.503
493.507477 80.486
497.083618 80.471
500.685699 80.457
504.313873 80.444
507.968323 80.428
511.649292 80.407
515.356934 80.384
519.091370 80.362
522.852966 80.343
526.641724 80.329
530.458008 80.319
534.301941 80.309
538.173706 80.298
542.073547 80.286
546.001648 80.274
549.958191 80.264
553.943420 80.253
557.957520 80.240
562.000671 80.226
566.073181 80.214
570.175171 80.201
574.306885 80.187
578.468567 80.173
582.660400 80.159
586.882568 80.149
591.135376 80.142
595.419006 80.135
599.733643 80.125
604.079590 80.115
608.456970 80.107
612.866089 80.100
617.307190 80.093
621.780457 80.085
626.286133 80.075
630.824463 80.067
635.395691 80.059
640.000000 80.053
644.637695 80.047
649.309021 80.041
654.014160 80.035
658.753418 80.029
663.527039 80.024
668.335205 80.019
673.178284 80.014
678.056396 80.010
682.969849 80.010
687.918945 80.013
692.903870 80.016
697.924927 80.019
702.982422 80.019
708.076477 80.016
713.207520 80.013
718.375732 80.011
723.581360 80.011
728.824707 80.013
734.106079 80.017
739.425720 80.023
744.783936 80.030
750.180908 80.039
755.617065 80.049
761.092529 80.057
766.607727 80.065
772.162903 80.075
777.758301 80.087
783.394287 80.099
789.071045 80.110
794.789001 80.122
800.548340 80.134
806.349487 80.150
812.192627 80.166
818.078125 80.182
824.006226 80.197
829.977295 80.209
835.991699 80.221
842.049622 80.235
848.151428 80.253
854.297485 80.274
860.488098 80.299
866.723572 80.324
873.004211 80.349
879.330322 80.368
885.702332 80.380
892.120483 80.388
898.585144 80.401
905.096680 80.424
911.655396 80.457
918.261597 80.495
924.915710 80.533
931.618042 80.571
938.368896 80.612
945.168762 80.653
952.017822 80.694
958.916504 80.732
965.865234 80.769
972.864319 80.803
979.914062 80.836
987.014954 80.866
994.167236 80.895
1001.371399 80.922
1008.627747 80.948
1015.936646 80.975
1023.298584 81.001
1030.713867 81.026
1038.182739 81.053
1045.705933 81.081
1053.283447 81.111
1060.916016 81.145
1068.603882 81.182
1076.347412 81.222
1084.147095 81.265
1092.003296 81.311
1099.916382 81.360
1107.886841 81.413
1115.915039 81.469
1124.001343 81.530
1132.146362 81.595
1140.350342 81.665
1148.613770 81.735
1156.937134 81.802
1165.320801 81.864
1173.765137 81.918
1182.270752 81.964
1190.838013 82.003
1199.467285 82.037
1208.159180 82.068
1216.913940 82.100
1225.732178 82.133
1234.614380 82.168
1243.560913 82.202
1252.572266 82.234
1261.648926 82.266
1270.791382 82.298
1280.000000 82.330
1289.275391 82.360
1298.618042 82.391
1308.028320 82.420
1317.506836 82.447
1327.054077 82.473
1336.670410 82.500
1346.356567 82.529
1356.112793 82.561
1365.939697 82.593
1375.837891 82.626
1385.807739 82.659
1395.849854 82.692
1405.964844 82.728
1416.152954 82.768
1426.415039 82.811
1436.751465 82.857
1447.162720 82.905
1457.649414 82.954
1468.212158 83.005
1478.851440 83.054
1489.567871 83.103
1500.361816 83.150
1511.234131 83.195
1522.185059 83.237
1533.215454 83.276
1544.325806 83.312
1555.516602 83.347
1566.788574 83.380
1578.142090 83.412
1589.578003 83.441
1601.096680 83.466
1612.698975 83.487
1624.385254 83.505
1636.156250 83.523
1648.012451 83.545
1659.954590 83.573
1671.983398 83.612
1684.099243 83.665
1696.302856 83.732
1708.594971 83.811
1720.976196 83.897
1733.447144 83.984
1746.008423 84.071
1758.660645 84.158
1771.404663 84.243
1784.240967 84.325
1797.170288 84.398
1810.193359 84.461
1823.310791 84.518
1836.523193 84.575
1849.831421 84.642
1863.236084 84.730
1876.737793 84.847
1890.337524 84.993
1904.035645 85.165
1917.833008 85.357
1931.730469 85.557
1945.728638 85.756
1959.828125 85.949
1974.029907 86.134
1988.334473 86.313
2002.742798 86.487
2017.255493 86.658
2031.873291 86.826
2046.597168 86.993
2061.427734 87.155
2076.365479 87.312
2091.411865 87.458
2106.566895 87.593
2121.832031 87.715
2137.207764 87.825
2152.694824 87.924
2168.294189 88.014
2184.006592 88.097
2199.832764 88.175
2215.773682 88.250
2231.830078 88.323
2248.002686 88.393
2264.292725 88.460
2280.700684 88.525
2297.227539 88.588
2313.874268 88.650
2330.641602 88.712
2347.530273 88.774
2364.541504 88.835
2381.676025 88.896
2398.934570 88.955
2416.318359 89.014
2433.827881 89.070
2451.464355 89.124
2469.228760 89.178
2487.121826 89.230
2505.144531 89.282
2523.297852 89.331
2541.582764 89.378
2560.000000 89.422
2578.550781 89.465
2597.236084 89.505
2616.056641 89.543
2635.013672 89.577
2654.108154 89.609
2673.340820 89.637
2692.713135 89.664
2712.225586 89.689
2731.879395 89.715
2751.675781 89.741
2771.615479 89.770
2791.699707 89.800
2811.929688 89.831
2832.305908 89.863
2852.830078 89.896
2873.502930 89.927
2894.325439 89.958
2915.298828 89.986
2936.424316 90.011
2957.702881 90.032
2979.135742 90.048
3000.723633 90.061
3022.468262 90.069
3044.370117 90.072
3066.430908 90.071
3088.651611 90.066
3111.033203 90.058
3133.577148 90.049
3156.284180 90.038
3179.156006 90.028
3202.193359 90.018
3225.397949 90.009
3248.770508 90.003
3272.312500 89.997
3296.024902 89.993
3319.909180 89.988
3343.966797 89.982
3368.198486 89.973
3392.605713 89.963
3417.189941 89.951
3441.952393 89.941
3466.894287 89.934
3492.016846 89.932
3517.321289 89.934
3542.809326 89.942
3568.481934 89.954
3594.340576 89.970
3620.386719 89.990
3646.621582 90.013
3673.046387 90.036
3699.662842 90.061
3726.472168 90.084
3753.475586 90.105
3780.675049 90.122
3808.071289 90.135
3835.666016 90.145
3863.460938 90.150
3891.457275 90.150
3919.656250 90.146
3948.059814 90.139
3976.668945 90.132
4005.485596 90.127
4034.510986 90.128
4063.746582 90.134
4093.194336 90.148
4122.855469 90.169
4152.730957 90.199
4182.823730 90.236
4213.133789 90.278
4243.664062 90.326
4274.415527 90.378
4305.389648 90.433
4336.588379 90.493
4368.013184 90.558
4399.665527 90.627
4431.547363 90.702
4463.660156 90.781
4496.005371 90.864
4528.585449 90.950
4561.401367 91.038
4594.455078 91.129
4627.748535 91.221
4661.283203 91.315
4695.060547 91.409
4729.083008 91.504
4763.352051 91.599
4797.869141 91.692
4832.636719 91.784
4867.655762 91.874
4902.928711 91.961
4938.457520 92.043
4974.243652 92.119
5010.289062 92.189
5046.595703 92.249
5083.165527 92.300
5120.000000 92.340
5157.101562 92.370
5194.472168 92.389
5232.113281 92.399
5270.027344 92.403
5308.216309 92.405
5346.681641 92.407
5385.426270 92.412
5424.451172 92.420
5463.758789 92.430
5503.351562 92.439
5543.230957 92.447
5583.399414 92.447
5623.859375 92.434
5664.611816 92.407
5705.660156 92.366
5747.005859 92.310
5788.650879 92.241
5830.597656 92.158
5872.848633 92.065
5915.405762 91.964
5958.271484 91.858
6001.447266 91.749
6044.936523 91.638
6088.740234 91.528
6132.861816 91.419
6177.303223 91.315
6222.066406 91.215
6267.154297 91.122
6312.568359 91.036
6358.312012 90.958
6404.386719 90.889
6450.795898 90.828
6497.541016 90.773
6544.625000 90.727
6592.049805 90.688
6639.818359 90.657
6687.933594 90.634
6736.396973 90.617
6785.211426 90.606
6834.379883 90.598
6883.904785 90.591
6933.788574 90.582
6984.033691 90.568
7034.642578 90.545
7085.618652 90.508
7136.963867 90.453
7188.681152 90.376
7240.773438 90.271
7293.243164 90.134
7346.092773 89.961
7399.325684 89.749
7452.944336 89.498
7506.951172 89.210
7561.350098 88.889
7616.142578 88.533
7671.332031 88.145
7726.921875 87.732
7782.914551 87.301
7839.312500 86.859
7896.119629 86.405
7953.337891 85.931
8010.971191 85.431
8069.021973 84.900
8127.493164 84.343
8186.388672 83.767
8245.710938 83.178
8305.461914 82.577
8365.647461 81.966
8426.267578 81.349
8487.328125 80.730
8548.831055 80.116
8610.779297 79.506
8673.176758 78.902
8736.026367 78.305
8799.331055 77.716
8863.094727 77.138
8927.320312 76.575
8992.010742 76.028
9057.170898 75.499
9122.802734 74.997
9188.910156 74.532
9255.497070 74.115
9322.566406 73.758
9390.121094 73.473
9458.166016 73.271
9526.704102 73.156
9595.738281 73.131
9665.273438 73.184
9735.311523 73.299
9805.857422 73.454
9876.915039 73.633
9948.487305 73.818
10020.578125 73.994
10093.191406 74.156
10166.331055 74.299
10240.000000 74.425
10314.203125 74.540
10388.944336 74.650
10464.226562 74.758
10540.054688 74.871
10616.432617 74.995
10693.363281 75.136
10770.852539 75.300
10848.902344 75.488
10927.517578 75.699
11006.703125 75.930
11086.461914 76.179
11166.798828 76.441
11247.718750 76.715
11329.223633 77.000
11411.320312 77.291
11494.011719 77.586
11577.301758 77.885
11661.195312 78.185
11745.697266 78.489
11830.811523 78.798
11916.542969 79.117
12002.894531 79.450
12089.873047 79.802
12177.480469 80.180
12265.723633 80.590
12354.606445 81.041
12444.132812 81.538
12534.308594 82.085
12625.136719 82.682
12716.624023 83.328
12808.773438 84.013
12901.591797 84.722
12995.082031 85.423
13089.250000 86.076
13184.099609 86.629
13279.636719 87.036
13375.867188 87.261
13472.793945 87.285
13570.422852 87.113
13668.759766 86.772
13767.809570 86.306
13867.577148 85.774
13968.067383 85.250
14069.285156 84.800
14171.237305 84.465
14273.927734 84.249
14377.362305 84.138
14481.546875 84.113
14586.486328 84.162
14692.185547 84.290
14798.651367 84.502
14905.888672 84.770
15013.902344 85.029
15122.700195 85.181
15232.285156 85.120
15342.664062 84.751
15453.843750 84.026
15565.829102 82.950
15678.625000 81.579
15792.239258 80.000
15906.675781 78.311
16021.942383 76.609
16138.043945 74.973
16254.986328 73.443
16372.777344 72.029
16491.421875 70.718
16610.923828 69.489
16731.294922 68.328
16852.535156 67.224
16974.656250 66.173
17097.662109 65.167
17221.558594 64.209
17346.353516 63.294
17472.052734 62.408
17598.662109 61.541
17726.189453 60.703
17854.640625 59.914
17984.021484 59.179
18114.341797 58.477
18245.605469 57.775
18377.820312 57.069
18510.994141 56.382
18645.132812 55.725
18780.242188 55.071
18916.332031 54.370
19053.408203 53.613
19191.476562 52.836
19330.546875 52.077
19470.623047 51.358
19611.714844 50.722
19753.830078 50.243
19896.974609 49.997
