20.000000 86.426
20.144928 86.455
20.290907 86.484
20.437943 86.514
20.586044 86.544
20.735220 86.574
20.885475 86.603
21.036821 86.631
21.189262 86.658
21.342808 86.684
21.497467 86.709
21.653246 86.734
21.810154 86.758
21.968201 86.782
22.127390 86.807
22.287735 86.832
22.449242 86.857
22.611917 86.882
22.775772 86.908
22.940815 86.933
23.107054 86.957
23.274498 86.979
23.443153 87.001
23.613033 87.021
23.784142 87.041
23.956491 87.059
24.130091 87.076
24.304947 87.093
24.481071 87.110
24.658470 87.127
24.837156 87.144
25.017136 87.161
25.198421 87.178
25.381020 87.196
25.564941 87.212
25.750195 87.229
25.936790 87.246
26.124741 87.263
26.314051 87.280
26.504732 87.298
26.696796 87.317
26.890253 87.337
27.085112 87.358
27.281382 87.379
27.479073 87.400
27.678198 87.420
27.878765 87.438
28.080786 87.456
28.284271 87.472
28.489231 87.487
28.695675 87.501
28.903616 87.517
29.113064 87.533
29.324028 87.550
29.536524 87.568
29.750557 87.587
29.966141 87.606
30.183289 87.623
30.402010 87.637
30.622314 87.650
30.844217 87.659
31.067726 87.667
31.292856 87.673
31.519617 87.680
31.748020 87.687
31.978081 87.695
32.209808 87.706
32.443211 87.717
32.678310 87.729
32.915108 87.741
33.153625 87.751
33.393871 87.761
33.635857 87.768
33.879597 87.773
34.125103 87.778
34.372387 87.782
34.621464 87.786
34.872345 87.789
35.125042 87.793
35.379574 87.795
35.635948 87.797
35.894180 87.798
36.154285 87.799
36.416275 87.801
36.680161 87.804
36.945961 87.810
37.213688 87.820
37.483353 87.833
37.754974 87.849
38.028561 87.864
38.304131 87.876
38.581699 87.885
38.861279 87.889
39.142883 87.890
39.426529 87.891
39.712231 87.894
40.000000 87.902
40.289856 87.915
40.581814 87.931
40.875885 87.946
41.172089 87.957
41.470440 87.962
41.770950 87.959
42.073643 87.950
42.378525 87.940
42.685616 87.929
42.994934 87.921
43.306492 87.916
43.620308 87.912
43.936401 87.907
44.254780 87.902
44.575470 87.895
44.898483 87.888
45.223835 87.881
45.551544 87.876
45.881630 87.872
46.214108 87.869
46.548996 87.869
46.886307 87.870
47.226067 87.873
47.568283 87.876
47.912983 87.875
48.260181 87.870
48.609894 87.860
48.962143 87.845
49.316940 87.828
49.674313 87.814
50.034271 87.804
50.396843 87.799
50.762039 87.797
51.129883 87.796
51.500389 87.793
51.873581 87.785
52.249481 87.773
52.628101 87.756
53.009464 87.740
53.393593 87.727
53.780506 87.720
54.170223 87.719
54.562763 87.718
54.958145 87.714
55.356396 87.705
55.757530 87.691
56.161572 87.676
56.568542 87.665
56.978462 87.659
57.391350 87.654
57.807232 87.649
58.226128 87.641
58.648056 87.630
59.073048 87.618
59.501114 87.605
59.932281 87.591
60.366577 87.576
60.804020 87.560
61.244629 87.544
61.688435 87.529
62.135452 87.516
62.585712 87.504
63.039234 87.492
63.496040 87.480
63.956161 87.465
64.419617 87.449
64.886421 87.431
65.356621 87.414
65.830215 87.398
66.307251 87.381
66.787743 87.364
67.271713 87.346
67.759193 87.330
68.250206 87.313
68.744774 87.294
69.242928 87.273
69.744690 87.250
70.250084 87.230
70.759148 87.210
71.271896 87.189
71.788361 87.165
72.308571 87.141
72.832550 87.116
73.360321 87.092
73.891922 87.069
74.427376 87.048
74.966705 87.029
75.509949 87.008
76.057121 86.986
76.608261 86.963
77.163399 86.942
77.722557 86.920
78.285767 86.893
78.853058 86.865
79.424461 86.836
80.000000 86.806
80.579712 86.771
81.163628 86.732
81.751770 86.693
82.344177 86.654
82.940880 86.613
83.541901 86.566
84.147285 86.520
84.757050 86.480
85.371231 86.445
85.989868 86.406
86.612984 86.357
87.240616 86.302
87.872803 86.248
88.509560 86.194
89.150940 86.133
89.796967 86.068
90.447670 86.007
91.103088 85.950
91.763260 85.886
92.428215 85.803
93.097992 85.702
93.772614 85.593
94.452133 85.492
95.136566 85.402
95.825966 85.309
96.520363 85.201
97.219788 85.084
97.924286 84.961
98.633881 84.836
99.348625 84.717
100.068542 84.614
100.793686 84.540
101.524078 84.513
102.259766 84.545
103.000778 84.631
103.747162 84.759
104.498962 84.924
105.256203 85.117
106.018929 85.327
106.787186 85.543
107.561012 85.755
108.340446 85.950
109.125526 86.116
109.916290 86.248
110.712791 86.346
111.515060 86.413
112.323143 86.456
113.137085 86.481
113.956924 86.492
114.782700 86.493
115.614464 86.487
116.452255 86.476
117.296112 86.461
118.146095 86.441
119.002228 86.417
119.864563 86.390
120.733154 86.359
121.608040 86.325
122.489258 86.289
123.376869 86.252
124.270905 86.214
125.171425 86.172
126.078468 86.129
126.992081 86.089
127.912323 86.054
128.839233 86.022
129.772842 85.990
130.713242 85.960
131.660431 85.932
132.614502 85.904
133.575485 85.875
134.543427 85.843
135.518387 85.809
136.500412 85.773
137.489548 85.737
138.485855 85.701
139.489380 85.665
140.500168 85.629
141.518295 85.596
142.543793 85.564
143.576721 85.533
144.617142 85.501
145.665100 85.469
146.720642 85.437
147.783844 85.402
148.854752 85.365
149.933411 85.327
151.019897 85.288
152.114243 85.249
153.216522 85.212
154.326797 85.178
155.445114 85.144
156.571533 85.109
157.706116 85.073
158.848923 85.040
160.000000 85.008
161.159424 84.978
162.327255 84.949
163.503540 84.920
164.688354 84.892
165.881760 84.865
167.083801 84.840
168.294571 84.815
169.514099 84.788
170.742462 84.763
171.979736 84.740
173.225967 84.718
174.481232 84.693
175.745605 84.663
177.019119 84.627
178.301880 84.588
179.593933 84.546
180.895340 84.499
182.206177 84.448
183.526520 84.393
184.856430 84.335
186.195984 84.275
187.545227 84.215
188.904266 84.156
190.273132 84.100
191.651932 84.048
193.040726 83.999
194.439575 83.951
195.848572 83.907
197.267761 83.867
198.697250 83.833
200.137085 83.805
201.587372 83.782
203.048157 83.763
204.519531 83.745
206.001556 83.724
207.494324 83.701
208.997925 83.674
210.512405 83.644
212.037857 83.614
213.574371 83.584
215.122025 83.555
216.680893 83.527
218.251053 83.500
219.832581 83.474
221.425583 83.449
223.030121 83.422
224.646286 83.394
226.274170 83.362
227.913849 83.329
229.565399 83.297
231.228928 83.266
232.904510 83.234
234.592224 83.201
236.292191 83.167
238.004456 83.133
239.729126 83.099
241.466309 83.068
243.216080 83.038
244.978516 83.007
246.753738 82.975
248.541809 82.940
250.342850 82.905
252.156937 82.872
253.984161 82.841
255.824646 82.809
257.678467 82.775
259.545685 82.740
261.426483 82.706
263.320862 82.675
265.229004 82.646
267.150970 82.618
269.086853 82.590
271.036774 82.561
273.000824 82.530
274.979095 82.498
276.971710 82.466
278.978760 82.434
281.000336 82.402
283.036591 82.369
285.087585 82.334
287.153442 82.301
289.234283 82.271
291.330200 82.243
293.441284 82.215
295.567688 82.184
297.709503 82.151
299.866821 82.118
302.039795 82.088
304.228485 82.059
306.433044 82.031
308.653595 82.002
310.890228 81.974
313.143066 81.947
315.412231 81.922
317.697845 81.895
320.000000 81.867
322.318848 81.838
324.654510 81.811
327.007080 81.783
329.376709 81.756
331.763519 81.728
334.167603 81.699
336.589142 81.670
339.028198 81.640
341.484924 81.610
343.959473 81.581
346.451935 81.553
348.962463 81.527
351.491211 81.505
354.038239 81.484
356.603760 81.463
359.187866 81.441
361.790680 81.419
364.412354 81.395
367.053040 81.371
369.712860 81.345
372.391968 81.318
375.090454 81.290
377.808533 81.261
380.546265 81.235
383.303864 81.212
386.081451 81.188
388.879150 81.163
391.697144 81.139
394.535522 81.116
397.394501 81.095
400.274170 81.072
403.174744 81.050
406.096313 81.029
409.039062 81.007
412.003113 80.985
414.988647 80.962
417.995850 80.938
421.024811 80.916
424.075714 80.895
427.148743 80.874
430.244049 80.854
433.361786 80.833
436.502106 80.812
439.665161 80.791
442.851166 80.774
446.060242 80.757
449.292572 80.739
452.548340 80.719
455.827698 80.699
459.130798 80.678
462.457855 80.656
465.809021 80.635
469.184448 80.616
472.584381 80.598
476.008911 80.580
479.458252 80.561
482.932617 80.543
486.432159 80.524
489.957031 80.505
493.507477 80.487
497.083618 80.472
500.685699 80.457
504.313873 80.443
507.968323 80.429
511.649292 80.414
515.356934 80.399
519.091370 80.384
522.852966 80.369
526.641724 80.352
530.458008 80.334
534.301941 80.316
538.173706 80.302
542.073547 80.290
546.001648 80.280
549.958191 80.267
553.943420 80.253
557.957520 80.238
562.000671 80.225
566.073181 80.216
570.175171 80.208
574.306885 80.201
578.468567 80.193
582.660400 80.183
586.882568 80.172
591.135376 80.160
595.419006 80.148
599.733643 80.138
604.079590 80.130
608.456970 80.124
612.866089 80.118
617.307190 80.113
621.780457 80.109
626.286133 80.105
630.824463 80.099
635.395691 80.090
640.000000 80.080
644.637695 80.073
649.309021 80.068
654.014160 80.064
658.753418 80.060
663.527039 80.057
668.335205 80.054
673.178284 80.050
678.056396 80.048
682.969849 80.047
687.918945 80.048
692.903870 80.048
697.924927 80.045
702.982422 80.043
708.076477 80.043
713.207520 80.047
718.375732 80.052
723.581360 80.055
728.824707 80.058
734.106079 80.061
739.425720 80.065
744.783936 80.069
750.180908 80.075
755.617065 80.082
761.092529 80.091
766.607727 80.102
772.162903 80.113
777.758301 80.123
783.394287 80.131
789.071045 80.138
794.789001 80.147
800.548340 80.161
806.349487 80.179
812.192627 80.197
818.078125 80.212
824.006226 80.225
829.977295 80.237
835.991699 80.251
842.049622 80.268
848.151428 80.288
854.297485 80.309
860.488098 80.334
866.723572 80.358
873.004211 80.381
879.330322 80.401
885.702332 80.416
892.120483 80.430
898.585144 80.447
905.096680 80.471
911.655396 80.502
918.261597 80.539
924.915710 80.578
931.618042 80.618
938.368896 80.659
945.168762 80.698
952.017822 80.736
958.916504 80.772
965.865234 80.811
972.864319 80.851
979.914062 80.892
987.014954 80.930
994.167236 80.965
1001.371399 80.995
1008.627747 81.022
1015.936646 81.048
1023.298584 81.076
1030.713867 81.108
1038.182739 81.142
1045.705933 81.178
1053.283447 81.214
1060.916016 81.252
1068.603882 81.295
1076.347412 81.342
1084.147095 81.391
1092.003296 81.443
1099.916382 81.499
1107.886841 81.559
1115.915039 81.623
1124.001343 81.689
1132.146362 81.757
1140.350342 81.824
1148.613770 81.888
1156.937134 81.946
1165.320801 81.996
1173.765137 82.041
1182.270752 82.083
1190.838013 82.121
1199.467285 82.157
1208.159180 82.190
1216.913940 82.221
1225.732178 82.254
1234.614380 82.288
1243.560913 82.323
1252.572266 82.360
1261.648926 82.396
1270.791382 82.431
1280.000000 82.465
1289.275391 82.500
1298.618042 82.536
1308.028320 82.573
1317.506836 82.611
1327.054077 82.649
1336.670410 82.686
1346.356567 82.721
1356.112793 82.755
1365.939697 82.789
1375.837891 82.826
1385.807739 82.868
1395.849854 82.913
1405.964844 82.962
1416.152954 83.013
1426.415039 83.067
1436.751465 83.121
1447.162720 83.176
1457.649414 83.231
1468.212158 83.286
1478.851440 83.340
1489.567871 83.393
1500.361816 83.442
1511.234131 83.490
1522.185059 83.538
1533.215454 83.584
1544.325806 83.632
1555.516602 83.679
1566.788574 83.727
1578.142090 83.774
1589.578003 83.821
1601.096680 83.867
1612.698975 83.914
1624.385254 83.962
1636.156250 84.012
1648.012451 84.063
1659.954590 84.114
1671.983398 84.164
1684.099243 84.214
1696.302856 84.265
1708.594971 84.319
1720.976196 84.376
1733.447144 84.434
1746.008423 84.494
1758.660645 84.556
1771.404663 84.620
1784.240967 84.684
1797.170288 84.748
1810.193359 84.811
1823.310791 84.872
1836.523193 84.931
1849.831421 84.987
1863.236084 85.041
1876.737793 85.092
1890.337524 85.140
1904.035645 85.185
1917.833008 85.228
1931.730469 85.269
1945.728638 85.307
1959.828125 85.343
1974.029907 85.375
1988.334473 85.406
2002.742798 85.435
2017.255493 85.460
2031.873291 85.482
2046.597168 85.501
2061.427734 85.517
2076.365479 85.532
2091.411865 85.545
2106.566895 85.558
2121.832031 85.576
2137.207764 85.603
2152.694824 85.647
2168.294189 85.718
2184.006592 85.826
2199.832764 85.978
2215.773682 86.181
2231.830078 86.432
2248.002686 86.722
2264.292725 87.032
2280.700684 87.344
2297.227539 87.640
2313.874268 87.910
2330.641602 88.145
2347.530273 88.346
2364.541504 88.514
2381.676025 88.653
2398.934570 88.769
2416.318359 88.865
2433.827881 88.945
2451.464355 89.013
2469.228760 89.071
2487.121826 89.122
2505.144531 89.167
2523.297852 89.207
2541.582764 89.243
2560.000000 89.274
2578.550781 89.302
2597.236084 89.325
2616.056641 89.344
2635.013672 89.361
2654.108154 89.376
2673.340820 89.388
2692.713135 89.398
2712.225586 89.407
2731.879395 89.414
2751.675781 89.423
2771.615479 89.433
2791.699707 89.446
2811.929688 89.463
2832.305908 89.484
2852.830078 89.506
2873.502930 89.529
2894.325439 89.552
2915.298828 89.573
2936.424316 89.593
2957.702881 89.612
2979.135742 89.630
3000.723633 89.648
3022.468262 89.665
3044.370117 89.682
3066.430908 89.697
3088.651611 89.713
3111.033203 89.728
3133.577148 89.743
3156.284180 89.755
3179.156006 89.764
3202.193359 89.770
3225.397949 89.771
3248.770508 89.769
3272.312500 89.763
3296.024902 89.753
3319.909180 89.739
3343.966797 89.719
3368.198486 89.694
3392.605713 89.664
3417.189941 89.630
3441.952393 89.596
3466.894287 89.564
3492.016846 89.534
3517.321289 89.510
3542.809326 89.492
3568.481934 89.484
3594.340576 89.487
3620.386719 89.503
3646.621582 89.527
3673.046387 89.558
3699.662842 89.592
3726.472168 89.626
3753.475586 89.657
3780.675049 89.685
3808.071289 89.708
3835.666016 89.727
3863.460938 89.741
3891.457275 89.750
3919.656250 89.755
3948.059814 89.758
3976.668945 89.761
4005.485596 89.767
4034.510986 89.775
4063.746582 89.788
4093.194336 89.805
4122.855469 89.827
4152.730957 89.855
4182.823730 89.887
4213.133789 89.922
4243.664062 89.961
4274.415527 90.003
4305.389648 90.048
4336.588379 90.097
4368.013184 90.149
4399.665527 90.206
4431.547363 90.267
4463.660156 90.331
4496.005371 90.400
4528.585449 90.472
4561.401367 90.547
4594.455078 90.624
4627.748535 90.704
4661.283203 90.786
4695.060547 90.870
4729.083008 90.955
4763.352051 91.042
4797.869141 91.128
4832.636719 91.214
4867.655762 91.298
4902.928711 91.381
4938.457520 91.460
4974.243652 91.534
5010.289062 91.602
5046.595703 91.661
5083.165527 91.712
5120.000000 91.753
5157.101562 91.784
5194.472168 91.806
5232.113281 91.823
5270.027344 91.844
5308.216309 91.878
5346.681641 91.933
5385.426270 92.012
5424.451172 92.109
5463.758789 92.213
5503.351562 92.308
5543.230957 92.384
5583.399414 92.436
5623.859375 92.462
5664.611816 92.464
5705.660156 92.446
5747.005859 92.409
5788.650879 92.354
5830.597656 92.282
5872.848633 92.196
5915.405762 92.099
5958.271484 91.992
6001.447266 91.878
6044.936523 91.757
6088.740234 91.630
6132.861816 91.502
6177.303223 91.374
6222.066406 91.248
6267.154297 91.126
6312.568359 91.007
6358.312012 90.894
6404.386719 90.786
6450.795898 90.685
6497.541016 90.590
6544.625000 90.503
6592.049805 90.422
6639.818359 90.349
6687.933594 90.283
6736.396973 90.227
6785.211426 90.179
6834.379883 90.139
6883.904785 90.108
6933.788574 90.086
6984.033691 90.073
7034.642578 90.068
7085.618652 90.069
7136.963867 90.078
7188.681152 90.091
7240.773438 90.108
7293.243164 90.124
7346.092773 90.138
7399.325684 90.141
7452.944336 90.130
7506.951172 90.096
7561.350098 90.031
7616.142578 89.921
7671.332031 89.754
7726.921875 89.524
7782.914551 89.231
7839.312500 88.872
7896.119629 88.444
7953.337891 87.946
8010.971191 87.377
8069.021973 86.745
8127.493164 86.061
8186.388672 85.341
8245.710938 84.595
8305.461914 83.830
8365.647461 83.055
8426.267578 82.279
8487.328125 81.511
8548.831055 80.754
8610.779297 80.013
8673.176758 79.291
8736.026367 78.589
8799.331055 77.913
8863.094727 77.265
8927.320312 76.654
8992.010742 76.085
9057.170898 75.570
9122.802734 75.120
9188.910156 74.748
9255.497070 74.469
9322.566406 74.297
9390.121094 74.243
9458.166016 74.312
9526.704102 74.505
9595.738281 74.811
9665.273438 75.212
9735.311523 75.682
9805.857422 76.196
9876.915039 76.729
9948.487305 77.258
10020.578125 77.760
10093.191406 78.215
10166.331055 78.607
10240.000000 78.929
10314.203125 79.176
10388.944336 79.348
10464.226562 79.445
10540.054688 79.475
10616.432617 79.448
10693.363281 79.376
10770.852539 79.269
10848.902344 79.140
10927.517578 78.995
11006.703125 78.846
11086.461914 78.703
11166.798828 78.573
11247.718750 78.464
11329.223633 78.382
11411.320312 78.332
11494.011719 78.320
11577.301758 78.351
11661.195312 78.424
11745.697266 78.538
11830.811523 78.685
11916.542969 78.860
12002.894531 79.058
12089.873047 79.275
12177.480469 79.505
12265.723633 79.744
12354.606445 79.992
12444.132812 80.250
12534.308594 80.524
12625.136719 80.820
12716.624023 81.145
12808.773438 81.507
12901.591797 81.909
12995.082031 82.351
13089.250000 82.830
13184.099609 83.342
13279.636719 83.882
13375.867188 84.446
13472.793945 85.024
13570.422852 85.596
13668.759766 86.133
13767.809570 86.600
13867.577148 86.965
13968.067383 87.214
14069.285156 87.341
14171.237305 87.346
14273.927734 87.235
14377.362305 87.022
14481.546875 86.723
14586.486328 86.358
14692.185547 85.965
14798.651367 85.588
14905.888672 85.263
15013.902344 85.017
15122.700195 84.863
15232.285156 84.808
15342.664062 84.851
15453.843750 84.978
15565.829102 85.157
15678.625000 85.331
15792.239258 85.427
15906.675781 85.371
16021.942383 85.101
16138.043945 84.577
16254.986328 83.784
16372.777344 82.739
16491.421875 81.486
16610.923828 80.084
16731.294922 78.598
16852.535156 77.086
16974.656250 75.598
17097.662109 74.164
17221.558594 72.806
17346.353516 71.535
17472.052734 70.349
17598.662109 69.239
17726.189453 68.195
17854.640625 67.210
17984.021484 66.283
18114.341797 65.415
18245.605469 64.605
18377.820312 63.849
18510.994141 63.138
18645.132812 62.467
18780.242188 61.840
18916.332031 61.264
19053.408203 60.753
19191.476562 60.298
19330.546875 59.884
19470.623047 59.526
19611.714844 59.251
19753.830078 59.053
19896.974609 58.921
