20.000000 85.127
20.144928 85.153
20.290907 85.178
20.437943 85.204
20.586044 85.229
20.735220 85.254
20.885475 85.280
21.036821 85.307
21.189262 85.333
21.342808 85.360
21.497467 85.386
21.653246 85.412
21.810154 85.439
21.968201 85.464
22.127390 85.490
22.287735 85.516
22.449242 85.542
22.611917 85.569
22.775772 85.595
22.940815 85.622
23.107054 85.649
23.274498 85.676
23.443153 85.703
23.613033 85.729
23.784142 85.754
23.956491 85.778
24.130091 85.801
24.304947 85.822
24.481071 85.843
24.658470 85.863
24.837156 85.884
25.017136 85.905
25.198421 85.927
25.381020 85.950
25.564941 85.974
25.750195 85.998
25.936790 86.023
26.124741 86.046
26.314051 86.069
26.504732 86.090
26.696796 86.109
26.890253 86.127
27.085112 86.143
27.281382 86.159
27.479073 86.175
27.678198 86.191
27.878765 86.208
28.080786 86.227
28.284271 86.247
28.489231 86.267
28.695675 86.288
28.903616 86.309
29.113064 86.329
29.324028 86.349
29.536524 86.367
29.750557 86.384
29.966141 86.400
30.183289 86.414
30.402010 86.428
30.622314 86.441
30.844217 86.453
31.067726 86.464
31.292856 86.474
31.519617 86.483
31.748020 86.492
31.978081 86.500
32.209808 86.510
32.443211 86.521
32.678310 86.534
32.915108 86.548
33.153625 86.562
33.393871 86.577
33.635857 86.591
33.879597 86.603
34.125103 86.615
34.372387 86.625
34.621464 86.636
34.872345 86.647
35.125042 86.658
35.379574 86.670
35.635948 86.682
35.894180 86.693
36.154285 86.704
36.416275 86.714
36.680161 86.723
36.945961 86.731
37.213688 86.740
37.483353 86.749
37.754974 86.757
38.028561 86.764
38.304131 86.769
38.581699 86.773
38.861279 86.777
39.142883 86.782
39.426529 86.789
39.712231 86.798
40.000000 86.810
40.289856 86.823
40.581814 86.834
40.875885 86.842
41.172089 86.848
41.470440 86.852
41.770950 86.855
42.073643 86.860
42.378525 86.866
42.685616 86.874
42.994934 86.882
43.306492 86.887
43.620308 86.888
43.936401 86.887
44.254780 86.884
44.575470 86.882
44.898483 86.882
45.223835 86.885
45.551544 86.889
45.881630 86.895
46.214108 86.899
46.548996 86.902
46.886307 86.904
47.226067 86.905
47.568283 86.906
47.912983 86.907
48.260181 86.908
48.609894 86.907
48.962143 86.904
49.316940 86.899
49.674313 86.894
50.034271 86.890
50.396843 86.889
50.762039 86.891
51.129883 86.894
51.500389 86.898
51.873581 86.900
52.249481 86.900
52.628101 86.898
53.009464 86.896
53.393593 86.895
53.780506 86.893
54.170223 86.890
54.562763 86.885
54.958145 86.879
55.356396 86.874
55.757530 86.872
56.161572 86.872
56.568542 86.872
56.978462 86.872
57.391350 86.873
57.807232 86.876
58.226128 86.881
58.648056 86.886
59.073048 86.890
59.501114 86.895
59.932281 86.902
60.366577 86.906
60.804020 86.899
61.244629 86.876
61.688435 86.840
62.135452 86.804
62.585712 86.782
63.039234 86.779
63.496040 86.786
63.956161 86.788
64.419617 86.782
64.886421 86.772
65.356621 86.764
65.830215 86.759
66.307251 86.753
66.787743 86.743
67.271713 86.731
67.759193 86.718
68.250206 86.708
68.744774 86.698
69.242928 86.689
69.744690 86.682
70.250084 86.675
70.759148 86.667
71.271896 86.657
71.788361 86.646
72.308571 86.634
72.832550 86.623
73.360321 86.611
73.891922 86.599
74.427376 86.587
74.966705 86.574
75.509949 86.562
76.057121 86.550
76.608261 86.540
77.163399 86.530
77.722557 86.521
78.285767 86.511
78.853058 86.501
79.424461 86.489
80.000000 86.477
80.579712 86.463
81.163628 86.450
81.751770 86.437
82.344177 86.424
82.940880 86.408
83.541901 86.391
84.147285 86.374
84.757050 86.360
85.371231 86.347
85.989868 86.336
86.612984 86.323
87.240616 86.309
87.872803 86.294
88.509560 86.278
89.150940 86.261
89.796967 86.243
90.447670 86.225
91.103088 86.207
91.763260 86.190
92.428215 86.172
93.097992 86.154
93.772614 86.134
94.452133 86.114
95.136566 86.095
95.825966 86.078
96.520363 86.060
97.219788 86.041
97.924286 86.022
98.633881 86.004
99.348625 85.988
100.068542 85.971
100.793686 85.953
101.524078 85.934
102.259766 85.915
103.000778 85.895
103.747162 85.875
104.498962 85.854
105.256203 85.833
106.018929 85.810
106.787186 85.787
107.561012 85.765
108.340446 85.744
109.125526 85.725
109.916290 85.707
110.712791 85.688
111.515060 85.667
112.323143 85.644
113.137085 85.621
113.956924 85.599
114.782700 85.578
115.614464 85.556
116.452255 85.533
117.296112 85.508
118.146095 85.482
119.002228 85.455
119.864563 85.428
120.733154 85.400
121.608040 85.375
122.489258 85.354
123.376869 85.337
124.270905 85.322
125.171425 85.305
126.078468 85.284
126.992081 85.260
127.912323 85.235
128.839233 85.209
129.772842 85.184
130.713242 85.158
131.660431 85.133
132.614502 85.108
133.575485 85.082
134.543427 85.055
135.518387 85.030
136.500412 85.004
137.489548 84.977
138.485855 84.950
139.489380 84.922
140.500168 84.894
141.518295 84.866
142.543793 84.839
143.576721 84.813
144.617142 84.786
145.665100 84.758
146.720642 84.732
147.783844 84.707
148.854752 84.684
149.933411 84.659
151.019897 84.633
152.114243 84.605
153.216522 84.576
154.326797 84.548
155.445114 84.521
156.571533 84.495
157.706116 84.471
158.848923 84.448
160.000000 84.425
161.159424 84.402
162.327255 84.379
163.503540 84.357
164.688354 84.336
165.881760 84.315
167.083801 84.295
168.294571 84.275
169.514099 84.257
170.742462 84.239
171.979736 84.222
173.225967 84.205
174.481232 84.183
175.745605 84.159
177.019119 84.132
178.301880 84.104
179.593933 84.072
180.895340 84.034
182.206177 83.990
183.526520 83.939
184.856430 83.886
186.195984 83.831
187.545227 83.778
188.904266 83.728
190.273132 83.682
191.651932 83.638
193.040726 83.596
194.439575 83.556
195.848572 83.519
197.267761 83.487
198.697250 83.460
200.137085 83.437
201.587372 83.417
203.048157 83.399
204.519531 83.381
206.001556 83.363
207.494324 83.346
208.997925 83.330
210.512405 83.315
212.037857 83.298
213.574371 83.278
215.122025 83.254
216.680893 83.228
218.251053 83.201
219.832581 83.172
221.425583 83.144
223.030121 83.116
224.646286 83.087
226.274170 83.057
227.913849 83.025
229.565399 82.993
231.228928 82.962
232.904510 82.934
234.592224 82.908
236.292191 82.882
238.004456 82.856
239.729126 82.828
241.466309 82.798
243.216080 82.767
244.978516 82.736
246.753738 82.706
248.541809 82.676
250.342850 82.647
252.156937 82.618
253.984161 82.588
255.824646 82.558
257.678467 82.528
259.545685 82.497
261.426483 82.465
263.320862 82.434
265.229004 82.403
267.150970 82.374
269.086853 82.346
271.036774 82.318
273.000824 82.288
274.979095 82.258
276.971710 82.228
278.978760 82.199
281.000336 82.171
283.036591 82.143
285.087585 82.116
287.153442 82.089
289.234283 82.060
291.330200 82.031
293.441284 82.001
295.567688 81.971
297.709503 81.943
299.866821 81.914
302.039795 81.885
304.228485 81.855
306.433044 81.827
308.653595 81.800
310.890228 81.775
313.143066 81.747
315.412231 81.717
317.697845 81.684
320.000000 81.649
322.318848 81.616
324.654510 81.585
327.007080 81.558
329.376709 81.533
331.763519 81.507
334.167603 81.479
336.589142 81.450
339.028198 81.419
341.484924 81.389
343.959473 81.360
346.451935 81.329
348.962463 81.298
351.491211 81.265
354.038239 81.232
356.603760 81.202
359.187866 81.174
361.790680 81.146
364.412354 81.118
367.053040 81.091
369.712860 81.066
372.391968 81.044
375.090454 81.022
377.808533 81.000
380.546265 80.979
383.303864 80.963
386.081451 80.953
388.879150 80.949
391.697144 80.949
394.535522 80.951
397.394501 80.953
400.274170 80.955
403.174744 80.957
406.096313 80.957
409.039062 80.956
412.003113 80.952
414.988647 80.943
417.995850 80.929
421.024811 80.913
424.075714 80.897
427.148743 80.881
430.244049 80.865
433.361786 80.847
436.502106 80.829
439.665161 80.810
442.851166 80.789
446.060242 80.768
449.292572 80.748
452.548340 80.728
455.827698 80.708
459.130798 80.688
462.457855 80.669
465.809021 80.650
469.184448 80.631
472.584381 80.610
476.008911 80.588
479.458252 80.567
482.932617 80.545
486.432159 80.525
489.957031 80.506
493.507477 80.489
497.083618 80.473
500.685699 80.457
504.313873 80.441
507.968323 80.424
511.649292 80.407
515.356934 80.390
519.091370 80.375
522.852966 80.363
526.641724 80.351
530.458008 80.339
534.301941 80.325
538.173706 80.312
542.073547 80.301
546.001648 80.288
549.958191 80.272
553.943420 80.254
557.957520 80.236
562.000671 80.220
566.073181 80.205
570.175171 80.193
574.306885 80.183
578.468567 80.173
582.660400 80.165
586.882568 80.155
591.135376 80.145
595.419006 80.133
599.733643 80.120
604.079590 80.107
608.456970 80.096
612.866089 80.087
617.307190 80.078
621.780457 80.071
626.286133 80.064
630.824463 80.057
635.395691 80.049
640.000000 80.041
644.637695 80.034
649.309021 80.027
654.014160 80.020
658.753418 80.015
663.527039 80.010
668.335205 80.006
673.178284 80.002
678.056396 79.998
682.969849 79.994
687.918945 79.993
692.903870 79.993
697.924927 79.994
702.982422 79.994
708.076477 79.993
713.207520 79.992
718.375732 79.992
723.581360 79.992
728.824707 79.993
734.106079 79.997
739.425720 80.002
744.783936 80.007
750.180908 80.013
755.617065 80.019
761.092529 80.026
766.607727 80.033
772.162903 80.039
777.758301 80.045
783.394287 80.052
789.071045 80.061
794.789001 80.073
800.548340 80.088
806.349487 80.104
812.192627 80.118
818.078125 80.133
824.006226 80.147
829.977295 80.161
835.991699 80.172
842.049622 80.184
848.151428 80.198
854.297485 80.218
860.488098 80.243
866.723572 80.270
873.004211 80.293
879.330322 80.312
885.702332 80.324
892.120483 80.336
898.585144 80.352
905.096680 80.378
911.655396 80.412
918.261597 80.453
924.915710 80.497
931.618042 80.544
938.368896 80.591
945.168762 80.636
952.017822 80.679
958.916504 80.718
965.865234 80.757
972.864319 80.797
979.914062 80.838
987.014954 80.878
994.167236 80.916
1001.371399 80.952
1008.627747 80.987
1015.936646 81.023
1023.298584 81.061
1030.713867 81.099
1038.182739 81.137
1045.705933 81.179
1053.283447 81.225
1060.916016 81.275
1068.603882 81.328
1076.347412 81.385
1084.147095 81.445
1092.003296 81.507
1099.916382 81.571
1107.886841 81.636
1115.915039 81.702
1124.001343 81.770
1132.146362 81.836
1140.350342 81.902
1148.613770 81.964
1156.937134 82.021
1165.320801 82.074
1173.765137 82.127
1182.270752 82.179
1190.838013 82.230
1199.467285 82.278
1208.159180 82.323
1216.913940 82.366
1225.732178 82.410
1234.614380 82.453
1243.560913 82.498
1252.572266 82.543
1261.648926 82.588
1270.791382 82.633
1280.000000 82.676
1289.275391 82.719
1298.618042 82.763
1308.028320 82.809
1317.506836 82.855
1327.054077 82.899
1336.670410 82.943
1346.356567 82.987
1356.112793 83.032
1365.939697 83.079
1375.837891 83.127
1385.807739 83.177
1395.849854 83.231
1405.964844 83.287
1416.152954 83.345
1426.415039 83.404
1436.751465 83.464
1447.162720 83.524
1457.649414 83.583
1468.212158 83.643
1478.851440 83.703
1489.567871 83.761
1500.361816 83.817
1511.234131 83.873
1522.185059 83.927
1533.215454 83.981
1544.325806 84.034
1555.516602 84.088
1566.788574 84.141
1578.142090 84.194
1589.578003 84.247
1601.096680 84.301
1612.698975 84.357
1624.385254 84.413
1636.156250 84.470
1648.012451 84.526
1659.954590 84.583
1671.983398 84.641
1684.099243 84.699
1696.302856 84.758
1708.594971 84.818
1720.976196 84.879
1733.447144 84.939
1746.008423 84.999
1758.660645 85.059
1771.404663 85.120
1784.240967 85.183
1797.170288 85.247
1810.193359 85.312
1823.310791 85.378
1836.523193 85.444
1849.831421 85.509
1863.236084 85.574
1876.737793 85.639
1890.337524 85.705
1904.035645 85.772
1917.833008 85.839
1931.730469 85.907
1945.728638 85.976
1959.828125 86.044
1974.029907 86.113
1988.334473 86.183
2002.742798 86.254
2017.255493 86.324
2031.873291 86.394
2046.597168 86.464
2061.427734 86.535
2076.365479 86.605
2091.411865 86.675
2106.566895 86.744
2121.832031 86.813
2137.207764 86.882
2152.694824 86.952
2168.294189 87.020
2184.006592 87.088
2199.832764 87.156
2215.773682 87.224
2231.830078 87.291
2248.002686 87.359
2264.292725 87.428
2280.700684 87.498
2297.227539 87.571
2313.874268 87.648
2330.641602 87.727
2347.530273 87.809
2364.541504 87.891
2381.676025 87.972
2398.934570 88.052
2416.318359 88.129
2433.827881 88.203
2451.464355 88.275
2469.228760 88.343
2487.121826 88.410
2505.144531 88.475
2523.297852 88.538
2541.582764 88.599
2560.000000 88.659
2578.550781 88.716
2597.236084 88.771
2616.056641 88.824
2635.013672 88.875
2654.108154 88.924
2673.340820 88.970
2692.713135 89.015
2712.225586 89.057
2731.879395 89.096
2751.675781 89.133
2771.615479 89.168
2791.699707 89.202
2811.929688 89.233
2832.305908 89.263
2852.830078 89.291
2873.502930 89.317
2894.325439 89.341
2915.298828 89.363
2936.424316 89.384
2957.702881 89.403
2979.135742 89.421
3000.723633 89.437
3022.468262 89.450
3044.370117 89.462
3066.430908 89.471
3088.651611 89.479
3111.033203 89.484
3133.577148 89.488
3156.284180 89.489
3179.156006 89.488
3202.193359 89.485
3225.397949 89.480
3248.770508 89.471
3272.312500 89.460
3296.024902 89.446
3319.909180 89.431
3343.966797 89.414
3368.198486 89.394
3392.605713 89.372
3417.189941 89.350
3441.952393 89.328
3466.894287 89.309
3492.016846 89.293
3517.321289 89.279
3542.809326 89.267
3568.481934 89.259
3594.340576 89.251
3620.386719 89.244
3646.621582 89.236
3673.046387 89.227
3699.662842 89.217
3726.472168 89.203
3753.475586 89.183
3780.675049 89.158
3808.071289 89.128
3835.666016 89.095
3863.460938 89.059
3891.457275 89.021
3919.656250 88.980
3948.059814 88.940
3976.668945 88.902
4005.485596 88.869
4034.510986 88.840
4063.746582 88.817
4093.194336 88.798
4122.855469 88.785
4152.730957 88.776
4182.823730 88.772
4213.133789 88.771
4243.664062 88.771
4274.415527 88.773
4305.389648 88.776
4336.588379 88.780
4368.013184 88.784
4399.665527 88.787
4431.547363 88.790
4463.660156 88.794
4496.005371 88.800
4528.585449 88.808
4561.401367 88.819
4594.455078 88.832
4627.748535 88.847
4661.283203 88.864
4695.060547 88.882
4729.083008 88.900
4763.352051 88.918
4797.869141 88.936
4832.636719 88.954
4867.655762 88.971
4902.928711 88.987
4938.457520 88.999
4974.243652 89.008
5010.289062 89.013
5046.595703 89.013
5083.165527 89.006
5120.000000 88.993
5157.101562 88.972
5194.472168 88.945
5232.113281 88.912
5270.027344 88.879
5308.216309 88.855
5346.681641 88.846
5385.426270 88.857
5424.451172 88.889
5463.758789 88.933
5503.351562 88.979
5543.230957 89.015
5583.399414 89.033
5623.859375 89.030
5664.611816 89.004
5705.660156 88.958
5747.005859 88.892
5788.650879 88.808
5830.597656 88.706
5872.848633 88.587
5915.405762 88.453
5958.271484 88.307
6001.447266 88.150
6044.936523 87.983
6088.740234 87.806
6132.861816 87.622
6177.303223 87.432
6222.066406 87.238
6267.154297 87.042
6312.568359 86.844
6358.312012 86.644
6404.386719 86.443
6450.795898 86.242
6497.541016 86.040
6544.625000 85.838
6592.049805 85.637
6639.818359 85.436
6687.933594 85.236
6736.396973 85.038
6785.211426 84.840
6834.379883 84.644
6883.904785 84.448
6933.788574 84.252
6984.033691 84.055
7034.642578 83.859
7085.618652 83.665
7136.963867 83.474
7188.681152 83.286
7240.773438 83.103
7293.243164 82.924
7346.092773 82.752
7399.325684 82.588
7452.944336 82.437
7506.951172 82.304
7561.350098 82.194
7616.142578 82.106
7671.332031 82.040
7726.921875 82.000
7782.914551 81.989
7839.312500 82.004
7896.119629 82.036
7953.337891 82.072
8010.971191 82.103
8069.021973 82.123
8127.493164 82.137
8186.388672 82.148
8245.710938 82.159
8305.461914 82.171
8365.647461 82.188
8426.267578 82.215
8487.328125 82.254
8548.831055 82.308
8610.779297 82.379
8673.176758 82.468
8736.026367 82.575
8799.331055 82.701
8863.094727 82.842
8927.320312 82.999
8992.010742 83.168
9057.170898 83.349
9122.802734 83.541
9188.910156 83.742
9255.497070 83.953
9322.566406 84.174
9390.121094 84.406
9458.166016 84.649
9526.704102 84.903
9595.738281 85.166
9665.273438 85.434
9735.311523 85.703
9805.857422 85.966
9876.915039 86.216
9948.487305 86.442
10020.578125 86.631
10093.191406 86.771
10166.331055 86.853
10240.000000 86.869
10314.203125 86.812
10388.944336 86.681
10464.226562 86.479
10540.054688 86.208
10616.432617 85.879
10693.363281 85.499
10770.852539 85.079
10848.902344 84.630
10927.517578 84.160
11006.703125 83.679
11086.461914 83.195
11166.798828 82.717
11247.718750 82.252
11329.223633 81.809
11411.320312 81.395
11494.011719 81.015
11577.301758 80.670
11661.195312 80.363
11745.697266 80.091
11830.811523 79.856
11916.542969 79.653
12002.894531 79.475
12089.873047 79.313
12177.480469 79.159
12265.723633 79.010
12354.606445 78.864
12444.132812 78.720
12534.308594 78.580
12625.136719 78.446
12716.624023 78.325
12808.773438 78.220
12901.591797 78.136
12995.082031 78.074
13089.250000 78.031
13184.099609 78.006
13279.636719 77.998
13375.867188 78.013
13472.793945 78.064
13570.422852 78.163
13668.759766 78.319
13767.809570 78.545
13867.577148 78.855
13968.067383 79.270
14069.285156 79.793
14171.237305 80.402
14273.927734 81.059
14377.362305 81.716
14481.546875 82.329
14586.486328 82.859
14692.185547 83.279
14798.651367 83.561
14905.888672 83.679
15013.902344 83.609
15122.700195 83.339
15232.285156 82.882
15342.664062 82.265
15453.843750 81.533
15565.829102 80.732
15678.625000 79.906
15792.239258 79.089
15906.675781 78.309
16021.942383 77.593
16138.043945 76.954
16254.986328 76.384
16372.777344 75.866
16491.421875 75.379
16610.923828 74.910
16731.294922 74.457
16852.535156 74.028
16974.656250 73.631
17097.662109 73.276
17221.558594 72.968
17346.353516 72.710
17472.052734 72.503
17598.662109 72.349
17726.189453 72.248
17854.640625 72.203
17984.021484 72.223
18114.341797 72.316
18245.605469 72.487
18377.820312 72.745
18510.994141 73.093
18645.132812 73.527
18780.242188 74.020
18916.332031 74.527
19053.408203 74.977
19191.476562 75.280
19330.546875 75.342
19470.623047 75.098
19611.714844 74.552
19753.830078 73.814
19896.974609 73.171
