20.000000 85.494
20.144928 85.520
20.290907 85.546
20.437943 85.570
20.586044 85.593
20.735220 85.616
20.885475 85.639
21.036821 85.663
21.189262 85.687
21.342808 85.712
21.497467 85.738
21.653246 85.764
21.810154 85.791
21.968201 85.818
22.127390 85.844
22.287735 85.870
22.449242 85.894
22.611917 85.916
22.775772 85.937
22.940815 85.957
23.107054 85.975
23.274498 85.993
23.443153 86.011
23.613033 86.028
23.784142 86.046
23.956491 86.065
24.130091 86.083
24.304947 86.102
24.481071 86.121
24.658470 86.140
24.837156 86.159
25.017136 86.176
25.198421 86.193
25.381020 86.210
25.564941 86.225
25.750195 86.241
25.936790 86.256
26.124741 86.271
26.314051 86.288
26.504732 86.306
26.696796 86.326
26.890253 86.348
27.085112 86.372
27.281382 86.398
27.479073 86.425
27.678198 86.452
27.878765 86.479
28.080786 86.505
28.284271 86.528
28.489231 86.550
28.695675 86.568
28.903616 86.585
29.113064 86.601
29.324028 86.616
29.536524 86.631
29.750557 86.648
29.966141 86.666
30.183289 86.685
30.402010 86.704
30.622314 86.723
30.844217 86.741
31.067726 86.756
31.292856 86.769
31.519617 86.780
31.748020 86.788
31.978081 86.795
32.209808 86.801
32.443211 86.808
32.678310 86.816
32.915108 86.826
33.153625 86.838
33.393871 86.853
33.635857 86.869
33.879597 86.886
34.125103 86.903
34.372387 86.919
34.621464 86.933
34.872345 86.944
35.125042 86.953
35.379574 86.959
35.635948 86.965
35.894180 86.970
36.154285 86.977
36.416275 86.985
36.680161 86.995
36.945961 87.003
37.213688 87.009
37.483353 87.011
37.754974 87.008
38.028561 87.004
38.304131 87.000
38.581699 87.001
38.861279 87.009
39.142883 87.025
39.426529 87.046
39.712231 87.070
40.000000 87.093
40.289856 87.112
40.581814 87.128
40.875885 87.143
41.172089 87.158
41.470440 87.173
41.770950 87.186
42.073643 87.194
42.378525 87.193
42.685616 87.185
42.994934 87.172
43.306492 87.159
43.620308 87.152
43.936401 87.154
44.254780 87.165
44.575470 87.179
44.898483 87.192
45.223835 87.199
45.551544 87.201
45.881630 87.199
46.214108 87.198
46.548996 87.198
46.886307 87.201
47.226067 87.206
47.568283 87.212
47.912983 87.219
48.260181 87.226
48.609894 87.234
48.962143 87.241
49.316940 87.243
49.674313 87.239
50.034271 87.230
50.396843 87.219
50.762039 87.209
51.129883 87.203
51.500389 87.201
51.873581 87.201
52.249481 87.200
52.628101 87.196
53.009464 87.191
53.393593 87.186
53.780506 87.182
54.170223 87.178
54.562763 87.175
54.958145 87.170
55.356396 87.165
55.757530 87.159
56.161572 87.154
56.568542 87.149
56.978462 87.144
57.391350 87.140
57.807232 87.134
58.226128 87.126
58.648056 87.118
59.073048 87.110
59.501114 87.102
59.932281 87.095
60.366577 87.088
60.804020 87.080
61.244629 87.072
61.688435 87.064
62.135452 87.055
62.585712 87.047
63.039234 87.038
63.496040 87.030
63.956161 87.023
64.419617 87.016
64.886421 87.010
65.356621 87.004
65.830215 86.997
66.307251 86.988
66.787743 86.978
67.271713 86.966
67.759193 86.956
68.250206 86.946
68.744774 86.938
69.242928 86.928
69.744690 86.916
70.250084 86.901
70.759148 86.886
71.271896 86.874
71.788361 86.864
72.308571 86.858
72.832550 86.852
73.360321 86.842
73.891922 86.828
74.427376 86.812
74.966705 86.795
75.509949 86.780
76.057121 86.767
76.608261 86.756
77.163399 86.745
77.722557 86.733
78.285767 86.718
78.853058 86.700
79.424461 86.682
80.000000 86.666
80.579712 86.652
81.163628 86.639
81.751770 86.625
82.344177 86.610
82.940880 86.593
83.541901 86.575
84.147285 86.555
84.757050 86.534
85.371231 86.513
85.989868 86.492
86.612984 86.471
87.240616 86.449
87.872803 86.427
88.509560 86.408
89.150940 86.391
89.796967 86.374
90.447670 86.356
91.103088 86.339
91.763260 86.323
92.428215 86.307
93.097992 86.289
93.772614 86.271
94.452133 86.252
95.136566 86.232
95.825966 86.211
96.520363 86.190
97.219788 86.170
97.924286 86.150
98.633881 86.130
99.348625 86.108
100.068542 86.085
100.793686 86.061
101.524078 86.036
102.259766 86.012
103.000778 85.988
103.747162 85.965
104.498962 85.944
105.256203 85.924
106.018929 85.903
106.787186 85.879
107.561012 85.855
108.340446 85.831
109.125526 85.807
109.916290 85.782
110.712791 85.755
111.515060 85.728
112.323143 85.702
113.137085 85.676
113.956924 85.649
114.782700 85.622
115.614464 85.596
116.452255 85.570
117.296112 85.543
118.146095 85.515
119.002228 85.486
119.864563 85.459
120.733154 85.431
121.608040 85.402
122.489258 85.372
123.376869 85.343
124.270905 85.314
125.171425 85.285
126.078468 85.257
126.992081 85.228
127.912323 85.198
128.839233 85.165
129.772842 85.132
130.713242 85.099
131.660431 85.067
132.614502 85.036
133.575485 85.006
134.543427 84.978
135.518387 84.950
136.500412 84.921
137.489548 84.890
138.485855 84.858
139.489380 84.827
140.500168 84.798
141.518295 84.770
142.543793 84.742
143.576721 84.711
144.617142 84.678
145.665100 84.641
146.720642 84.603
147.783844 84.565
148.854752 84.527
149.933411 84.488
151.019897 84.449
152.114243 84.411
153.216522 84.375
154.326797 84.340
155.445114 84.304
156.571533 84.268
157.706116 84.231
158.848923 84.194
160.000000 84.159
161.159424 84.123
162.327255 84.084
163.503540 84.044
164.688354 84.006
165.881760 83.970
167.083801 83.932
168.294571 83.885
169.514099 83.831
170.742462 83.773
171.979736 83.714
173.225967 83.653
174.481232 83.588
175.745605 83.516
177.019119 83.435
178.301880 83.346
179.593933 83.255
180.895340 83.166
182.206177 83.089
183.526520 83.036
184.856430 83.018
186.195984 83.042
187.545227 83.107
188.904266 83.208
190.273132 83.332
191.651932 83.462
193.040726 83.583
194.439575 83.683
195.848572 83.759
197.267761 83.810
198.697250 83.840
200.137085 83.852
201.587372 83.852
203.048157 83.844
204.519531 83.831
206.001556 83.815
207.494324 83.797
208.997925 83.777
210.512405 83.752
212.037857 83.722
213.574371 83.688
215.122025 83.651
216.680893 83.613
218.251053 83.575
219.832581 83.538
221.425583 83.501
223.030121 83.465
224.646286 83.430
226.274170 83.393
227.913849 83.356
229.565399 83.320
231.228928 83.285
232.904510 83.250
234.592224 83.214
236.292191 83.177
238.004456 83.142
239.729126 83.108
241.466309 83.074
243.216080 83.041
244.978516 83.006
246.753738 82.970
248.541809 82.933
250.342850 82.897
252.156937 82.862
253.984161 82.830
255.824646 82.798
257.678467 82.767
259.545685 82.735
261.426483 82.702
263.320862 82.667
265.229004 82.633
267.150970 82.599
269.086853 82.567
271.036774 82.537
273.000824 82.507
274.979095 82.478
276.971710 82.449
278.978760 82.420
281.000336 82.391
283.036591 82.362
285.087585 82.332
287.153442 82.300
289.234283 82.267
291.330200 82.235
293.441284 82.204
295.567688 82.172
297.709503 82.141
299.866821 82.112
302.039795 82.085
304.228485 82.058
306.433044 82.031
308.653595 82.003
310.890228 81.975
313.143066 81.946
315.412231 81.916
317.697845 81.885
320.000000 81.855
322.318848 81.825
324.654510 81.795
327.007080 81.767
329.376709 81.738
331.763519 81.710
334.167603 81.684
336.589142 81.658
339.028198 81.631
341.484924 81.605
343.959473 81.579
346.451935 81.554
348.962463 81.530
351.491211 81.505
354.038239 81.480
356.603760 81.456
359.187866 81.432
361.790680 81.408
364.412354 81.383
367.053040 81.356
369.712860 81.330
372.391968 81.306
375.090454 81.282
377.808533 81.258
380.546265 81.234
383.303864 81.209
386.081451 81.185
388.879150 81.161
391.697144 81.138
394.535522 81.116
397.394501 81.094
400.274170 81.072
403.174744 81.051
406.096313 81.030
409.039062 81.009
412.003113 80.988
414.988647 80.967
417.995850 80.945
421.024811 80.922
424.075714 80.898
427.148743 80.874
430.244049 80.852
433.361786 80.829
436.502106 80.807
439.665161 80.789
442.851166 80.771
446.060242 80.752
449.292572 80.734
452.548340 80.713
455.827698 80.691
459.130798 80.670
462.457855 80.650
465.809021 80.634
469.184448 80.619
472.584381 80.605
476.008911 80.590
479.458252 80.571
482.932617 80.551
486.432159 80.530
489.957031 80.510
493.507477 80.491
497.083618 80.474
500.685699 80.458
504.313873 80.445
507.968323 80.433
511.649292 80.421
515.356934 80.408
519.091370 80.392
522.852966 80.375
526.641724 80.357
530.458008 80.340
534.301941 80.322
538.173706 80.307
542.073547 80.292
546.001648 80.279
549.958191 80.268
553.943420 80.258
557.957520 80.248
562.000671 80.237
566.073181 80.224
570.175171 80.211
574.306885 80.197
578.468567 80.184
582.660400 80.174
586.882568 80.164
591.135376 80.154
595.419006 80.143
599.733643 80.133
604.079590 80.123
608.456970 80.114
612.866089 80.105
617.307190 80.097
621.780457 80.091
626.286133 80.085
630.824463 80.078
635.395691 80.071
640.000000 80.065
644.637695 80.060
649.309021 80.057
654.014160 80.055
658.753418 80.051
663.527039 80.045
668.335205 80.040
673.178284 80.036
678.056396 80.034
682.969849 80.030
687.918945 80.027
692.903870 80.025
697.924927 80.025
702.982422 80.024
708.076477 80.023
713.207520 80.022
718.375732 80.021
723.581360 80.022
728.824707 80.026
734.106079 80.031
739.425720 80.036
744.783936 80.039
750.180908 80.041
755.617065 80.044
761.092529 80.050
766.607727 80.058
772.162903 80.065
777.758301 80.073
783.394287 80.084
789.071045 80.097
794.789001 80.113
800.548340 80.129
806.349487 80.144
812.192627 80.157
818.078125 80.168
824.006226 80.178
829.977295 80.188
835.991699 80.199
842.049622 80.214
848.151428 80.234
854.297485 80.258
860.488098 80.285
866.723572 80.311
873.004211 80.335
879.330322 80.354
885.702332 80.372
892.120483 80.389
898.585144 80.409
905.096680 80.433
911.655396 80.465
918.261597 80.502
924.915710 80.542
931.618042 80.584
938.368896 80.627
945.168762 80.671
952.017822 80.714
958.916504 80.755
965.865234 80.794
972.864319 80.832
979.914062 80.871
987.014954 80.912
994.167236 80.952
1001.371399 80.989
1008.627747 81.022
1015.936646 81.054
1023.298584 81.088
1030.713867 81.124
1038.182739 81.164
1045.705933 81.208
1053.283447 81.254
1060.916016 81.301
1068.603882 81.352
1076.347412 81.406
1084.147095 81.464
1092.003296 81.525
1099.916382 81.588
1107.886841 81.651
1115.915039 81.717
1124.001343 81.783
1132.146362 81.848
1140.350342 81.909
1148.613770 81.967
1156.937134 82.021
1165.320801 82.071
1173.765137 82.119
1182.270752 82.165
1190.838013 82.210
1199.467285 82.253
1208.159180 82.297
1216.913940 82.340
1225.732178 82.383
1234.614380 82.425
1243.560913 82.467
1252.572266 82.509
1261.648926 82.550
1270.791382 82.593
1280.000000 82.634
1289.275391 82.675
1298.618042 82.716
1308.028320 82.756
1317.506836 82.797
1327.054077 82.839
1336.670410 82.881
1346.356567 82.924
1356.112793 82.967
1365.939697 83.010
1375.837891 83.055
1385.807739 83.102
1395.849854 83.151
1405.964844 83.203
1416.152954 83.259
1426.415039 83.317
1436.751465 83.378
1447.162720 83.440
1457.649414 83.501
1468.212158 83.562
1478.851440 83.621
1489.567871 83.678
1500.361816 83.734
1511.234131 83.789
1522.185059 83.843
1533.215454 83.897
1544.325806 83.952
1555.516602 84.007
1566.788574 84.060
1578.142090 84.112
1589.578003 84.164
1601.096680 84.217
1612.698975 84.269
1624.385254 84.322
1636.156250 84.376
1648.012451 84.431
1659.954590 84.487
1671.983398 84.546
1684.099243 84.605
1696.302856 84.664
1708.594971 84.724
1720.976196 84.783
1733.447144 84.842
1746.008423 84.901
1758.660645 84.961
1771.404663 85.021
1784.240967 85.082
1797.170288 85.143
1810.193359 85.204
1823.310791 85.266
1836.523193 85.328
1849.831421 85.389
1863.236084 85.450
1876.737793 85.510
1890.337524 85.572
1904.035645 85.634
1917.833008 85.697
1931.730469 85.760
1945.728638 85.822
1959.828125 85.883
1974.029907 85.944
1988.334473 86.005
2002.742798 86.068
2017.255493 86.133
2031.873291 86.200
2046.597168 86.272
2061.427734 86.348
2076.365479 86.431
2091.411865 86.520
2106.566895 86.615
2121.832031 86.713
2137.207764 86.812
2152.694824 86.910
2168.294189 87.004
2184.006592 87.092
2199.832764 87.176
2215.773682 87.257
2231.830078 87.335
2248.002686 87.411
2264.292725 87.484
2280.700684 87.556
2297.227539 87.625
2313.874268 87.692
2330.641602 87.758
2347.530273 87.822
2364.541504 87.886
2381.676025 87.948
2398.934570 88.010
2416.318359 88.070
2433.827881 88.129
2451.464355 88.187
2469.228760 88.244
2487.121826 88.300
2505.144531 88.353
2523.297852 88.405
2541.582764 88.454
2560.000000 88.500
2578.550781 88.545
2597.236084 88.589
2616.056641 88.632
2635.013672 88.676
2654.108154 88.722
2673.340820 88.771
2692.713135 88.824
2712.225586 88.881
2731.879395 88.941
2751.675781 89.002
2771.615479 89.064
2791.699707 89.123
2811.929688 89.178
2832.305908 89.227
2852.830078 89.271
2873.502930 89.310
2894.325439 89.344
2915.298828 89.373
2936.424316 89.398
2957.702881 89.419
2979.135742 89.436
3000.723633 89.450
3022.468262 89.460
3044.370117 89.466
3066.430908 89.471
3088.651611 89.473
3111.033203 89.474
3133.577148 89.473
3156.284180 89.470
3179.156006 89.465
3202.193359 89.458
3225.397949 89.448
3248.770508 89.435
3272.312500 89.420
3296.024902 89.402
3319.909180 89.381
3343.966797 89.357
3368.198486 89.329
3392.605713 89.298
3417.189941 89.265
3441.952393 89.232
3466.894287 89.199
3492.016846 89.167
3517.321289 89.135
3542.809326 89.105
3568.481934 89.079
3594.340576 89.057
3620.386719 89.038
3646.621582 89.021
3673.046387 89.006
3699.662842 88.992
3726.472168 88.979
3753.475586 88.965
3780.675049 88.948
3808.071289 88.929
3835.666016 88.908
3863.460938 88.883
3891.457275 88.854
3919.656250 88.821
3948.059814 88.787
3976.668945 88.756
4005.485596 88.731
4034.510986 88.713
4063.746582 88.703
4093.194336 88.700
4122.855469 88.705
4152.730957 88.719
4182.823730 88.741
4213.133789 88.767
4243.664062 88.797
4274.415527 88.828
4305.389648 88.858
4336.588379 88.887
4368.013184 88.915
4399.665527 88.942
4431.547363 88.968
4463.660156 88.996
4496.005371 89.026
4528.585449 89.057
4561.401367 89.091
4594.455078 89.126
4627.748535 89.163
4661.283203 89.202
4695.060547 89.241
4729.083008 89.281
4763.352051 89.320
4797.869141 89.359
4832.636719 89.397
4867.655762 89.433
4902.928711 89.466
4938.457520 89.494
4974.243652 89.519
5010.289062 89.539
5046.595703 89.553
5083.165527 89.561
5120.000000 89.562
5157.101562 89.556
5194.472168 89.542
5232.113281 89.525
5270.027344 89.507
5308.216309 89.497
5346.681641 89.502
5385.426270 89.527
5424.451172 89.569
5463.758789 89.621
5503.351562 89.671
5543.230957 89.709
5583.399414 89.728
5623.859375 89.726
5664.611816 89.702
5705.660156 89.659
5747.005859 89.598
5788.650879 89.520
5830.597656 89.427
5872.848633 89.321
5915.405762 89.203
5958.271484 89.076
6001.447266 88.939
6044.936523 88.792
6088.740234 88.637
6132.861816 88.475
6177.303223 88.307
6222.066406 88.133
6267.154297 87.954
6312.568359 87.772
6358.312012 87.587
6404.386719 87.400
6450.795898 87.213
6497.541016 87.026
6544.625000 86.841
6592.049805 86.659
6639.818359 86.481
6687.933594 86.307
6736.396973 86.137
6785.211426 85.973
6834.379883 85.814
6883.904785 85.661
6933.788574 85.514
6984.033691 85.374
7034.642578 85.241
7085.618652 85.113
7136.963867 84.993
7188.681152 84.881
7240.773438 84.778
7293.243164 84.687
7346.092773 84.610
7399.325684 84.546
7452.944336 84.499
7506.951172 84.475
7561.350098 84.478
7616.142578 84.510
7671.332031 84.569
7726.921875 84.657
7782.914551 84.780
7839.312500 84.935
7896.119629 85.111
7953.337891 85.296
8010.971191 85.479
8069.021973 85.655
8127.493164 85.826
8186.388672 85.992
8245.710938 86.147
8305.461914 86.285
8365.647461 86.400
8426.267578 86.484
8487.328125 86.529
8548.831055 86.521
8610.779297 86.446
8673.176758 86.294
8736.026367 86.056
8799.331055 85.730
8863.094727 85.318
8927.320312 84.831
8992.010742 84.284
9057.170898 83.699
9122.802734 83.103
9188.910156 82.526
9255.497070 81.999
9322.566406 81.549
9390.121094 81.200
9458.166016 80.969
9526.704102 80.859
9595.738281 80.865
9665.273438 80.974
9735.311523 81.166
9805.857422 81.416
9876.915039 81.699
9948.487305 81.990
10020.578125 82.263
10093.191406 82.499
10166.331055 82.681
10240.000000 82.799
10314.203125 82.845
10388.944336 82.818
10464.226562 82.720
10540.054688 82.556
10616.432617 82.332
10693.363281 82.058
10770.852539 81.744
10848.902344 81.401
10927.517578 81.040
11006.703125 80.671
11086.461914 80.302
11166.798828 79.941
11247.718750 79.594
11329.223633 79.266
11411.320312 78.966
11494.011719 78.697
11577.301758 78.464
11661.195312 78.268
11745.697266 78.108
11830.811523 77.980
11916.542969 77.878
12002.894531 77.798
12089.873047 77.736
12177.480469 77.681
12265.723633 77.626
12354.606445 77.571
12444.132812 77.515
12534.308594 77.465
12625.136719 77.423
12716.624023 77.392
12808.773438 77.375
12901.591797 77.375
12995.082031 77.397
13089.250000 77.441
13184.099609 77.508
13279.636719 77.597
13375.867188 77.715
13472.793945 77.874
13570.422852 78.085
13668.759766 78.364
13767.809570 78.722
13867.577148 79.174
13968.067383 79.736
14069.285156 80.414
14171.237305 81.183
14273.927734 82.001
14377.362305 82.820
14481.546875 83.587
14586.486328 84.255
14692.185547 84.790
14798.651367 85.156
14905.888672 85.321
15013.902344 85.262
15122.700195 84.976
15232.285156 84.489
15342.664062 83.847
15453.843750 83.105
15565.829102 82.319
15678.625000 81.537
15792.239258 80.798
15906.675781 80.128
16021.942383 79.551
16138.043945 79.078
16254.986328 78.701
16372.777344 78.403
16491.421875 78.167
16610.923828 77.985
16731.294922 77.862
16852.535156 77.810
16974.656250 77.838
17097.662109 77.957
17221.558594 78.178
17346.353516 78.500
17472.052734 78.906
17598.662109 79.355
17726.189453 79.787
17854.640625 80.113
17984.021484 80.238
18114.341797 80.072
18245.605469 79.561
18377.820312 78.701
18510.994141 77.532
18645.132812 76.128
18780.242188 74.577
18916.332031 72.964
19053.408203 71.362
19191.476562 69.825
19330.546875 68.385
19470.623047 67.064
19611.714844 65.888
19753.830078 64.917
19896.974609 64.281
